1 2
1 34
1 35
2 3
2 35
2 36
3 4
3 36
3 37
4 5
4 37
4 38
5 6
5 38
5 39
6 7
6 39
6 40
7 8
7 40
7 41
8 9
8 41
8 42
9 10
9 42
9 43
10 11
10 43
10 44
11 12
11 44
11 45
12 13
12 45
12 46
13 14
13 46
13 47
14 15
14 47
14 48
15 16
15 48
15 49
16 17
16 49
16 50
17 18
17 50
17 51
18 19
18 51
18 52
19 20
19 52
19 53
20 21
20 53
20 54
21 22
21 54
21 55
22 23
22 55
22 56
23 24
23 56
23 57
24 25
24 57
24 58
25 26
25 58
25 59
26 27
26 59
26 60
27 28
27 60
27 61
28 29
28 61
28 62
29 30
29 62
29 63
30 31
30 63
30 64
31 32
31 64
31 65
32 33
32 65
32 66
33 66
34 35
34 67
34 68
35 36
35 68
35 69
36 37
36 69
36 70
37 38
37 70
37 71
38 39
38 71
38 72
39 40
39 72
39 73
40 41
40 73
40 74
41 42
41 74
41 75
42 43
42 75
42 76
43 44
43 76
43 77
44 45
44 77
44 78
45 46
45 78
45 79
46 47
46 79
46 80
47 48
47 80
47 81
48 49
48 81
48 82
49 50
49 82
49 83
50 51
50 83
50 84
51 52
51 84
51 85
52 53
52 85
52 86
53 54
53 86
53 87
54 55
54 87
54 88
55 56
55 88
55 89
56 57
56 89
56 90
57 58
57 90
57 91
58 59
58 91
58 92
59 60
59 92
59 93
60 61
60 93
60 94
61 62
61 94
61 95
62 63
62 95
62 96
63 64
63 96
63 97
64 65
64 97
64 98
65 66
65 98
65 99
66 99
67 68
67 100
67 101
68 69
68 101
68 102
69 70
69 102
69 103
70 71
70 103
70 104
71 72
71 104
71 105
72 73
72 105
72 106
73 74
73 106
73 107
74 75
74 107
74 108
75 76
75 108
75 109
76 77
76 109
76 110
77 78
77 110
77 111
78 79
78 111
78 112
79 80
79 112
79 113
80 81
80 113
80 114
81 82
81 114
81 115
82 83
82 115
82 116
83 84
83 116
83 117
84 85
84 117
84 118
85 86
85 118
85 119
86 87
86 119
86 120
87 88
87 120
87 121
88 89
88 121
88 122
89 90
89 122
89 123
90 91
90 123
90 124
91 92
91 124
91 125
92 93
92 125
92 126
93 94
93 126
93 127
94 95
94 127
94 128
95 96
95 128
95 129
96 97
96 129
96 130
97 98
97 130
97 131
98 99
98 131
98 132
99 132
100 101
100 133
100 134
101 102
101 134
101 135
102 103
102 135
102 136
103 104
103 136
103 137
104 105
104 137
104 138
105 106
105 138
105 139
106 107
106 139
106 140
107 108
107 140
107 141
108 109
108 141
108 142
109 110
109 142
109 143
110 111
110 143
110 144
111 112
111 144
111 145
112 113
112 145
112 146
113 114
113 146
113 147
114 115
114 147
114 148
115 116
115 148
115 149
116 117
116 149
116 150
117 118
117 150
117 151
118 119
118 151
118 152
119 120
119 152
119 153
120 121
120 153
120 154
121 122
121 154
121 155
122 123
122 155
122 156
123 124
123 156
123 157
124 125
124 157
124 158
125 126
125 158
125 159
126 127
126 159
126 160
127 128
127 160
127 161
128 129
128 161
128 162
129 130
129 162
129 163
130 131
130 163
130 164
131 132
131 164
131 165
132 165
133 134
133 166
133 167
134 135
134 167
134 168
135 136
135 168
135 169
136 137
136 169
136 170
137 138
137 170
137 171
138 139
138 171
138 172
139 140
139 172
139 173
140 141
140 173
140 174
141 142
141 174
141 175
142 143
142 175
142 176
143 144
143 176
143 177
144 145
144 177
144 178
145 146
145 178
145 179
146 147
146 179
146 180
147 148
147 180
147 181
148 149
148 181
148 182
149 150
149 182
149 183
150 151
150 183
150 184
151 152
151 184
151 185
152 153
152 185
152 186
153 154
153 186
153 187
154 155
154 187
154 188
155 156
155 188
155 189
156 157
156 189
156 190
157 158
157 190
157 191
158 159
158 191
158 192
159 160
159 192
159 193
160 161
160 193
160 194
161 162
161 194
161 195
162 163
162 195
162 196
163 164
163 196
163 197
164 165
164 197
164 198
165 198
166 167
166 199
166 200
167 168
167 200
167 201
168 169
168 201
168 202
169 170
169 202
169 203
170 171
170 203
170 204
171 172
171 204
171 205
172 173
172 205
172 206
173 174
173 206
173 207
174 175
174 207
174 208
175 176
175 208
175 209
176 177
176 209
176 210
177 178
177 210
177 211
178 179
178 211
178 212
179 180
179 212
179 213
180 181
180 213
180 214
181 182
181 214
181 215
182 183
182 215
182 216
183 184
183 216
183 217
184 185
184 217
184 218
185 186
185 218
185 219
186 187
186 219
186 220
187 188
187 220
187 221
188 189
188 221
188 222
189 190
189 222
189 223
190 191
190 223
190 224
191 192
191 224
191 225
192 193
192 225
192 226
193 194
193 226
193 227
194 195
194 227
194 228
195 196
195 228
195 229
196 197
196 229
196 230
197 198
197 230
197 231
198 231
199 200
199 232
199 233
200 201
200 233
200 234
201 202
201 234
201 235
202 203
202 235
202 236
203 204
203 236
203 237
204 205
204 237
204 238
205 206
205 238
205 239
206 207
206 239
206 240
207 208
207 240
207 241
208 209
208 241
208 242
209 210
209 242
209 243
210 211
210 243
210 244
211 212
211 244
211 245
212 213
212 245
212 246
213 214
213 246
213 247
214 215
214 247
214 248
215 216
215 248
215 249
216 217
216 249
216 250
217 218
217 250
217 251
218 219
218 251
218 252
219 220
219 252
219 253
220 221
220 253
220 254
221 222
221 254
221 255
222 223
222 255
222 256
223 224
223 256
223 257
224 225
224 257
224 258
225 226
225 258
225 259
226 227
226 259
226 260
227 228
227 260
227 261
228 229
228 261
228 262
229 230
229 262
229 263
230 231
230 263
230 264
231 264
232 233
232 265
232 266
233 234
233 266
233 267
234 235
234 267
234 268
235 236
235 268
235 269
236 237
236 269
236 270
237 238
237 270
237 271
238 239
238 271
238 272
239 240
239 272
239 273
240 241
240 273
240 274
241 242
241 274
241 275
242 243
242 275
242 276
243 244
243 276
243 277
244 245
244 277
244 278
245 246
245 278
245 279
246 247
246 279
246 280
247 248
247 280
247 281
248 249
248 281
248 282
249 250
249 282
249 283
250 251
250 283
250 284
251 252
251 284
251 285
252 253
252 285
252 286
253 254
253 286
253 287
254 255
254 287
254 288
255 256
255 288
255 289
256 257
256 289
256 290
257 258
257 290
257 291
258 259
258 291
258 292
259 260
259 292
259 293
260 261
260 293
260 294
261 262
261 294
261 295
262 263
262 295
262 296
263 264
263 296
263 297
264 297
265 266
265 298
265 299
266 267
266 299
266 300
267 268
267 300
267 301
268 269
268 301
268 302
269 270
269 302
269 303
270 271
270 303
270 304
271 272
271 304
271 305
272 273
272 305
272 306
273 274
273 306
273 307
274 275
274 307
274 308
275 276
275 308
275 309
276 277
276 309
276 310
277 278
277 310
277 311
278 279
278 311
278 312
279 280
279 312
279 313
280 281
280 313
280 314
281 282
281 314
281 315
282 283
282 315
282 316
283 284
283 316
283 317
284 285
284 317
284 318
285 286
285 318
285 319
286 287
286 319
286 320
287 288
287 320
287 321
288 289
288 321
288 322
289 290
289 322
289 323
290 291
290 323
290 324
291 292
291 324
291 325
292 293
292 325
292 326
293 294
293 326
293 327
294 295
294 327
294 328
295 296
295 328
295 329
296 297
296 329
296 330
297 330
298 299
298 331
298 332
299 300
299 332
299 333
300 301
300 333
300 334
301 302
301 334
301 335
302 303
302 335
302 336
303 304
303 336
303 337
304 305
304 337
304 338
305 306
305 338
305 339
306 307
306 339
306 340
307 308
307 340
307 341
308 309
308 341
308 342
309 310
309 342
309 343
310 311
310 343
310 344
311 312
311 344
311 345
312 313
312 345
312 346
313 314
313 346
313 347
314 315
314 347
314 348
315 316
315 348
315 349
316 317
316 349
316 350
317 318
317 350
317 351
318 319
318 351
318 352
319 320
319 352
319 353
320 321
320 353
320 354
321 322
321 354
321 355
322 323
322 355
322 356
323 324
323 356
323 357
324 325
324 357
324 358
325 326
325 358
325 359
326 327
326 359
326 360
327 328
327 360
327 361
328 329
328 361
328 362
329 330
329 362
329 363
330 363
331 332
331 364
331 365
332 333
332 365
332 366
333 334
333 366
333 367
334 335
334 367
334 368
335 336
335 368
335 369
336 337
336 369
336 370
337 338
337 370
337 371
338 339
338 371
338 372
339 340
339 372
339 373
340 341
340 373
340 374
341 342
341 374
341 375
342 343
342 375
342 376
343 344
343 376
343 377
344 345
344 377
344 378
345 346
345 378
345 379
346 347
346 379
346 380
347 348
347 380
347 381
348 349
348 381
348 382
349 350
349 382
349 383
350 351
350 383
350 384
351 352
351 384
351 385
352 353
352 385
352 386
353 354
353 386
353 387
354 355
354 387
354 388
355 356
355 388
355 389
356 357
356 389
356 390
357 358
357 390
357 391
358 359
358 391
358 392
359 360
359 392
359 393
360 361
360 393
360 394
361 362
361 394
361 395
362 363
362 395
362 396
363 396
364 365
364 397
364 398
365 366
365 398
365 399
366 367
366 399
366 400
367 368
367 400
367 401
368 369
368 401
368 402
369 370
369 402
369 403
370 371
370 403
370 404
371 372
371 404
371 405
372 373
372 405
372 406
373 374
373 406
373 407
374 375
374 407
374 408
375 376
375 408
375 409
376 377
376 409
376 410
377 378
377 410
377 411
378 379
378 411
378 412
379 380
379 412
379 413
380 381
380 413
380 414
381 382
381 414
381 415
382 383
382 415
382 416
383 384
383 416
383 417
384 385
384 417
384 418
385 386
385 418
385 419
386 387
386 419
386 420
387 388
387 420
387 421
388 389
388 421
388 422
389 390
389 422
389 423
390 391
390 423
390 424
391 392
391 424
391 425
392 393
392 425
392 426
393 394
393 426
393 427
394 395
394 427
394 428
395 396
395 428
395 429
396 429
397 398
397 430
397 431
398 399
398 431
398 432
399 400
399 432
399 433
400 401
400 433
400 434
401 402
401 434
401 435
402 403
402 435
402 436
403 404
403 436
403 437
404 405
404 437
404 438
405 406
405 438
405 439
406 407
406 439
406 440
407 408
407 440
407 441
408 409
408 441
408 442
409 410
409 442
409 443
410 411
410 443
410 444
411 412
411 444
411 445
412 413
412 445
412 446
413 414
413 446
413 447
414 415
414 447
414 448
415 416
415 448
415 449
416 417
416 449
416 450
417 418
417 450
417 451
418 419
418 451
418 452
419 420
419 452
419 453
420 421
420 453
420 454
421 422
421 454
421 455
422 423
422 455
422 456
423 424
423 456
423 457
424 425
424 457
424 458
425 426
425 458
425 459
426 427
426 459
426 460
427 428
427 460
427 461
428 429
428 461
428 462
429 462
430 431
430 463
430 464
431 432
431 464
431 465
432 433
432 465
432 466
433 434
433 466
433 467
434 435
434 467
434 468
435 436
435 468
435 469
436 437
436 469
436 470
437 438
437 470
437 471
438 439
438 471
438 472
439 440
439 472
439 473
440 441
440 473
440 474
441 442
441 474
441 475
442 443
442 475
442 476
443 444
443 476
443 477
444 445
444 477
444 478
445 446
445 478
445 479
446 447
446 479
446 480
447 448
447 480
447 481
448 449
448 481
448 482
449 450
449 482
449 483
450 451
450 483
450 484
451 452
451 484
451 485
452 453
452 485
452 486
453 454
453 486
453 487
454 455
454 487
454 488
455 456
455 488
455 489
456 457
456 489
456 490
457 458
457 490
457 491
458 459
458 491
458 492
459 460
459 492
459 493
460 461
460 493
460 494
461 462
461 494
461 495
462 495
463 464
463 496
463 497
464 465
464 497
464 498
465 466
465 498
465 499
466 467
466 499
466 500
467 468
467 500
467 501
468 469
468 501
468 502
469 470
469 502
469 503
470 471
470 503
470 504
471 472
471 504
471 505
472 473
472 505
472 506
473 474
473 506
473 507
474 475
474 507
474 508
475 476
475 508
475 509
476 477
476 509
476 510
477 478
477 510
477 511
478 479
478 511
478 512
479 480
479 512
479 513
480 481
480 513
480 514
481 482
481 514
481 515
482 483
482 515
482 516
483 484
483 516
483 517
484 485
484 517
484 518
485 486
485 518
485 519
486 487
486 519
486 520
487 488
487 520
487 521
488 489
488 521
488 522
489 490
489 522
489 523
490 491
490 523
490 524
491 492
491 524
491 525
492 493
492 525
492 526
493 494
493 526
493 527
494 495
494 527
494 528
495 528
496 497
496 529
496 530
497 498
497 530
497 531
498 499
498 531
498 532
499 500
499 532
499 533
500 501
500 533
500 534
501 502
501 534
501 535
502 503
502 535
502 536
503 504
503 536
503 537
504 505
504 537
504 538
505 506
505 538
505 539
506 507
506 539
506 540
507 508
507 540
507 541
508 509
508 541
508 542
509 510
509 542
509 543
510 511
510 543
510 544
511 512
511 544
511 545
512 513
512 545
512 546
513 514
513 546
513 547
514 515
514 547
514 548
515 516
515 548
515 549
516 517
516 549
516 550
517 518
517 550
517 551
518 519
518 551
518 552
519 520
519 552
519 553
520 521
520 553
520 554
521 522
521 554
521 555
522 523
522 555
522 556
523 524
523 556
523 557
524 525
524 557
524 558
525 526
525 558
525 559
526 527
526 559
526 560
527 528
527 560
527 561
528 561
529 530
529 562
529 563
530 531
530 563
530 564
531 532
531 564
531 565
532 533
532 565
532 566
533 534
533 566
533 567
534 535
534 567
534 568
535 536
535 568
535 569
536 537
536 569
536 570
537 538
537 570
537 571
538 539
538 571
538 572
539 540
539 572
539 573
540 541
540 573
540 574
541 542
541 574
541 575
542 543
542 575
542 576
543 544
543 576
543 577
544 545
544 577
544 578
545 546
545 578
545 579
546 547
546 579
546 580
547 548
547 580
547 581
548 549
548 581
548 582
549 550
549 582
549 583
550 551
550 583
550 584
551 552
551 584
551 585
552 553
552 585
552 586
553 554
553 586
553 587
554 555
554 587
554 588
555 556
555 588
555 589
556 557
556 589
556 590
557 558
557 590
557 591
558 559
558 591
558 592
559 560
559 592
559 593
560 561
560 593
560 594
561 594
562 563
562 595
562 596
563 564
563 596
563 597
564 565
564 597
564 598
565 566
565 598
565 599
566 567
566 599
566 600
567 568
567 600
567 601
568 569
568 601
568 602
569 570
569 602
569 603
570 571
570 603
570 604
571 572
571 604
571 605
572 573
572 605
572 606
573 574
573 606
573 607
574 575
574 607
574 608
575 576
575 608
575 609
576 577
576 609
576 610
577 578
577 610
577 611
578 579
578 611
578 612
579 580
579 612
579 613
580 581
580 613
580 614
581 582
581 614
581 615
582 583
582 615
582 616
583 584
583 616
583 617
584 585
584 617
584 618
585 586
585 618
585 619
586 587
586 619
586 620
587 588
587 620
587 621
588 589
588 621
588 622
589 590
589 622
589 623
590 591
590 623
590 624
591 592
591 624
591 625
592 593
592 625
592 626
593 594
593 626
593 627
594 627
595 596
595 628
595 629
596 597
596 629
596 630
597 598
597 630
597 631
598 599
598 631
598 632
599 600
599 632
599 633
600 601
600 633
600 634
601 602
601 634
601 635
602 603
602 635
602 636
603 604
603 636
603 637
604 605
604 637
604 638
605 606
605 638
605 639
606 607
606 639
606 640
607 608
607 640
607 641
608 609
608 641
608 642
609 610
609 642
609 643
610 611
610 643
610 644
611 612
611 644
611 645
612 613
612 645
612 646
613 614
613 646
613 647
614 615
614 647
614 648
615 616
615 648
615 649
616 617
616 649
616 650
617 618
617 650
617 651
618 619
618 651
618 652
619 620
619 652
619 653
620 621
620 653
620 654
621 622
621 654
621 655
622 623
622 655
622 656
623 624
623 656
623 657
624 625
624 657
624 658
625 626
625 658
625 659
626 627
626 659
626 660
627 660
628 629
628 661
628 662
629 630
629 662
629 663
630 631
630 663
630 664
631 632
631 664
631 665
632 633
632 665
632 666
633 634
633 666
633 667
634 635
634 667
634 668
635 636
635 668
635 669
636 637
636 669
636 670
637 638
637 670
637 671
638 639
638 671
638 672
639 640
639 672
639 673
640 641
640 673
640 674
641 642
641 674
641 675
642 643
642 675
642 676
643 644
643 676
643 677
644 645
644 677
644 678
645 646
645 678
645 679
646 647
646 679
646 680
647 648
647 680
647 681
648 649
648 681
648 682
649 650
649 682
649 683
650 651
650 683
650 684
651 652
651 684
651 685
652 653
652 685
652 686
653 654
653 686
653 687
654 655
654 687
654 688
655 656
655 688
655 689
656 657
656 689
656 690
657 658
657 690
657 691
658 659
658 691
658 692
659 660
659 692
659 693
660 693
661 662
661 694
661 695
662 663
662 695
662 696
663 664
663 696
663 697
664 665
664 697
664 698
665 666
665 698
665 699
666 667
666 699
666 700
667 668
667 700
667 701
668 669
668 701
668 702
669 670
669 702
669 703
670 671
670 703
670 704
671 672
671 704
671 705
672 673
672 705
672 706
673 674
673 706
673 707
674 675
674 707
674 708
675 676
675 708
675 709
676 677
676 709
676 710
677 678
677 710
677 711
678 679
678 711
678 712
679 680
679 712
679 713
680 681
680 713
680 714
681 682
681 714
681 715
682 683
682 715
682 716
683 684
683 716
683 717
684 685
684 717
684 718
685 686
685 718
685 719
686 687
686 719
686 720
687 688
687 720
687 721
688 689
688 721
688 722
689 690
689 722
689 723
690 691
690 723
690 724
691 692
691 724
691 725
692 693
692 725
692 726
693 726
694 695
694 727
694 728
695 696
695 728
695 729
696 697
696 729
696 730
697 698
697 730
697 731
698 699
698 731
698 732
699 700
699 732
699 733
700 701
700 733
700 734
701 702
701 734
701 735
702 703
702 735
702 736
703 704
703 736
703 737
704 705
704 737
704 738
705 706
705 738
705 739
706 707
706 739
706 740
707 708
707 740
707 741
708 709
708 741
708 742
709 710
709 742
709 743
710 711
710 743
710 744
711 712
711 744
711 745
712 713
712 745
712 746
713 714
713 746
713 747
714 715
714 747
714 748
715 716
715 748
715 749
716 717
716 749
716 750
717 718
717 750
717 751
718 719
718 751
718 752
719 720
719 752
719 753
720 721
720 753
720 754
721 722
721 754
721 755
722 723
722 755
722 756
723 724
723 756
723 757
724 725
724 757
724 758
725 726
725 758
725 759
726 759
727 728
727 760
727 761
728 729
728 761
728 762
729 730
729 762
729 763
730 731
730 763
730 764
731 732
731 764
731 765
732 733
732 765
732 766
733 734
733 766
733 767
734 735
734 767
734 768
735 736
735 768
735 769
736 737
736 769
736 770
737 738
737 770
737 771
738 739
738 771
738 772
739 740
739 772
739 773
740 741
740 773
740 774
741 742
741 774
741 775
742 743
742 775
742 776
743 744
743 776
743 777
744 745
744 777
744 778
745 746
745 778
745 779
746 747
746 779
746 780
747 748
747 780
747 781
748 749
748 781
748 782
749 750
749 782
749 783
750 751
750 783
750 784
751 752
751 784
751 785
752 753
752 785
752 786
753 754
753 786
753 787
754 755
754 787
754 788
755 756
755 788
755 789
756 757
756 789
756 790
757 758
757 790
757 791
758 759
758 791
758 792
759 792
760 761
760 793
760 794
761 762
761 794
761 795
762 763
762 795
762 796
763 764
763 796
763 797
764 765
764 797
764 798
765 766
765 798
765 799
766 767
766 799
766 800
767 768
767 800
767 801
768 769
768 801
768 802
769 770
769 802
769 803
770 771
770 803
770 804
771 772
771 804
771 805
772 773
772 805
772 806
773 774
773 806
773 807
774 775
774 807
774 808
775 776
775 808
775 809
776 777
776 809
776 810
777 778
777 810
777 811
778 779
778 811
778 812
779 780
779 812
779 813
780 781
780 813
780 814
781 782
781 814
781 815
782 783
782 815
782 816
783 784
783 816
783 817
784 785
784 817
784 818
785 786
785 818
785 819
786 787
786 819
786 820
787 788
787 820
787 821
788 789
788 821
788 822
789 790
789 822
789 823
790 791
790 823
790 824
791 792
791 824
791 825
792 825
793 794
793 826
793 827
794 795
794 827
794 828
795 796
795 828
795 829
796 797
796 829
796 830
797 798
797 830
797 831
798 799
798 831
798 832
799 800
799 832
799 833
800 801
800 833
800 834
801 802
801 834
801 835
802 803
802 835
802 836
803 804
803 836
803 837
804 805
804 837
804 838
805 806
805 838
805 839
806 807
806 839
806 840
807 808
807 840
807 841
808 809
808 841
808 842
809 810
809 842
809 843
810 811
810 843
810 844
811 812
811 844
811 845
812 813
812 845
812 846
813 814
813 846
813 847
814 815
814 847
814 848
815 816
815 848
815 849
816 817
816 849
816 850
817 818
817 850
817 851
818 819
818 851
818 852
819 820
819 852
819 853
820 821
820 853
820 854
821 822
821 854
821 855
822 823
822 855
822 856
823 824
823 856
823 857
824 825
824 857
824 858
825 858
826 827
826 859
826 860
827 828
827 860
827 861
828 829
828 861
828 862
829 830
829 862
829 863
830 831
830 863
830 864
831 832
831 864
831 865
832 833
832 865
832 866
833 834
833 866
833 867
834 835
834 867
834 868
835 836
835 868
835 869
836 837
836 869
836 870
837 838
837 870
837 871
838 839
838 871
838 872
839 840
839 872
839 873
840 841
840 873
840 874
841 842
841 874
841 875
842 843
842 875
842 876
843 844
843 876
843 877
844 845
844 877
844 878
845 846
845 878
845 879
846 847
846 879
846 880
847 848
847 880
847 881
848 849
848 881
848 882
849 850
849 882
849 883
850 851
850 883
850 884
851 852
851 884
851 885
852 853
852 885
852 886
853 854
853 886
853 887
854 855
854 887
854 888
855 856
855 888
855 889
856 857
856 889
856 890
857 858
857 890
857 891
858 891
859 860
859 892
859 893
860 861
860 893
860 894
861 862
861 894
861 895
862 863
862 895
862 896
863 864
863 896
863 897
864 865
864 897
864 898
865 866
865 898
865 899
866 867
866 899
866 900
867 868
867 900
867 901
868 869
868 901
868 902
869 870
869 902
869 903
870 871
870 903
870 904
871 872
871 904
871 905
872 873
872 905
872 906
873 874
873 906
873 907
874 875
874 907
874 908
875 876
875 908
875 909
876 877
876 909
876 910
877 878
877 910
877 911
878 879
878 911
878 912
879 880
879 912
879 913
880 881
880 913
880 914
881 882
881 914
881 915
882 883
882 915
882 916
883 884
883 916
883 917
884 885
884 917
884 918
885 886
885 918
885 919
886 887
886 919
886 920
887 888
887 920
887 921
888 889
888 921
888 922
889 890
889 922
889 923
890 891
890 923
890 924
891 924
892 893
892 925
892 926
893 894
893 926
893 927
894 895
894 927
894 928
895 896
895 928
895 929
896 897
896 929
896 930
897 898
897 930
897 931
898 899
898 931
898 932
899 900
899 932
899 933
900 901
900 933
900 934
901 902
901 934
901 935
902 903
902 935
902 936
903 904
903 936
903 937
904 905
904 937
904 938
905 906
905 938
905 939
906 907
906 939
906 940
907 908
907 940
907 941
908 909
908 941
908 942
909 910
909 942
909 943
910 911
910 943
910 944
911 912
911 944
911 945
912 913
912 945
912 946
913 914
913 946
913 947
914 915
914 947
914 948
915 916
915 948
915 949
916 917
916 949
916 950
917 918
917 950
917 951
918 919
918 951
918 952
919 920
919 952
919 953
920 921
920 953
920 954
921 922
921 954
921 955
922 923
922 955
922 956
923 924
923 956
923 957
924 957
925 926
925 958
925 959
926 927
926 959
926 960
927 928
927 960
927 961
928 929
928 961
928 962
929 930
929 962
929 963
930 931
930 963
930 964
931 932
931 964
931 965
932 933
932 965
932 966
933 934
933 966
933 967
934 935
934 967
934 968
935 936
935 968
935 969
936 937
936 969
936 970
937 938
937 970
937 971
938 939
938 971
938 972
939 940
939 972
939 973
940 941
940 973
940 974
941 942
941 974
941 975
942 943
942 975
942 976
943 944
943 976
943 977
944 945
944 977
944 978
945 946
945 978
945 979
946 947
946 979
946 980
947 948
947 980
947 981
948 949
948 981
948 982
949 950
949 982
949 983
950 951
950 983
950 984
951 952
951 984
951 985
952 953
952 985
952 986
953 954
953 986
953 987
954 955
954 987
954 988
955 956
955 988
955 989
956 957
956 989
956 990
957 990
958 959
958 991
958 992
959 960
959 992
959 993
960 961
960 993
960 994
961 962
961 994
961 995
962 963
962 995
962 996
963 964
963 996
963 997
964 965
964 997
964 998
965 966
965 998
965 999
966 967
966 999
966 1000
967 968
967 1000
967 1001
968 969
968 1001
968 1002
969 970
969 1002
969 1003
970 971
970 1003
970 1004
971 972
971 1004
971 1005
972 973
972 1005
972 1006
973 974
973 1006
973 1007
974 975
974 1007
974 1008
975 976
975 1008
975 1009
976 977
976 1009
976 1010
977 978
977 1010
977 1011
978 979
978 1011
978 1012
979 980
979 1012
979 1013
980 981
980 1013
980 1014
981 982
981 1014
981 1015
982 983
982 1015
982 1016
983 984
983 1016
983 1017
984 985
984 1017
984 1018
985 986
985 1018
985 1019
986 987
986 1019
986 1020
987 988
987 1020
987 1021
988 989
988 1021
988 1022
989 990
989 1022
989 1023
990 1023
991 992
991 1024
991 1025
992 993
992 1025
992 1026
993 994
993 1026
993 1027
994 995
994 1027
994 1028
995 996
995 1028
995 1029
996 997
996 1029
996 1030
997 998
997 1030
997 1031
998 999
998 1031
998 1032
999 1000
999 1032
999 1033
1000 1001
1000 1033
1000 1034
1001 1002
1001 1034
1001 1035
1002 1003
1002 1035
1002 1036
1003 1004
1003 1036
1003 1037
1004 1005
1004 1037
1004 1038
1005 1006
1005 1038
1005 1039
1006 1007
1006 1039
1006 1040
1007 1008
1007 1040
1007 1041
1008 1009
1008 1041
1008 1042
1009 1010
1009 1042
1009 1043
1010 1011
1010 1043
1010 1044
1011 1012
1011 1044
1011 1045
1012 1013
1012 1045
1012 1046
1013 1014
1013 1046
1013 1047
1014 1015
1014 1047
1014 1048
1015 1016
1015 1048
1015 1049
1016 1017
1016 1049
1016 1050
1017 1018
1017 1050
1017 1051
1018 1019
1018 1051
1018 1052
1019 1020
1019 1052
1019 1053
1020 1021
1020 1053
1020 1054
1021 1022
1021 1054
1021 1055
1022 1023
1022 1055
1022 1056
1023 1056
1024 1025
1024 1057
1024 1058
1025 1026
1025 1058
1025 1059
1026 1027
1026 1059
1026 1060
1027 1028
1027 1060
1027 1061
1028 1029
1028 1061
1028 1062
1029 1030
1029 1062
1029 1063
1030 1031
1030 1063
1030 1064
1031 1032
1031 1064
1031 1065
1032 1033
1032 1065
1032 1066
1033 1034
1033 1066
1033 1067
1034 1035
1034 1067
1034 1068
1035 1036
1035 1068
1035 1069
1036 1037
1036 1069
1036 1070
1037 1038
1037 1070
1037 1071
1038 1039
1038 1071
1038 1072
1039 1040
1039 1072
1039 1073
1040 1041
1040 1073
1040 1074
1041 1042
1041 1074
1041 1075
1042 1043
1042 1075
1042 1076
1043 1044
1043 1076
1043 1077
1044 1045
1044 1077
1044 1078
1045 1046
1045 1078
1045 1079
1046 1047
1046 1079
1046 1080
1047 1048
1047 1080
1047 1081
1048 1049
1048 1081
1048 1082
1049 1050
1049 1082
1049 1083
1050 1051
1050 1083
1050 1084
1051 1052
1051 1084
1051 1085
1052 1053
1052 1085
1052 1086
1053 1054
1053 1086
1053 1087
1054 1055
1054 1087
1054 1088
1055 1056
1055 1088
1055 1089
1056 1089
1057 1058
1057 1122
1057 1123
1058 1059
1058 1123
1058 1124
1059 1060
1059 1124
1059 1125
1060 1061
1060 1125
1060 1126
1061 1062
1061 1126
1061 1127
1062 1063
1062 1127
1062 1128
1063 1064
1063 1128
1063 1129
1064 1065
1064 1129
1064 1130
1065 1066
1065 1130
1065 1131
1066 1067
1066 1131
1066 1132
1067 1068
1067 1132
1067 1133
1068 1069
1068 1133
1068 1134
1069 1070
1069 1134
1069 1135
1070 1071
1070 1135
1070 1136
1071 1072
1071 1136
1071 1137
1072 1073
1072 1137
1072 1138
1073 1074
1073 1138
1073 1139
1074 1075
1074 1139
1074 1140
1075 1076
1075 1140
1075 1141
1076 1077
1076 1141
1076 1142
1077 1078
1077 1142
1077 1143
1078 1079
1078 1143
1078 1144
1079 1080
1079 1144
1079 1145
1080 1081
1080 1145
1080 1146
1081 1082
1081 1146
1081 1147
1082 1083
1082 1147
1082 1148
1083 1084
1083 1148
1083 1149
1084 1085
1084 1149
1084 1150
1085 1086
1085 1150
1085 1151
1086 1087
1086 1151
1086 1152
1087 1088
1087 1152
1087 1153
1088 1089
1088 1153
1088 1154
1089 1090
1089 1154
1089 1155
1090 1091
1090 1155
1090 1156
1091 1092
1091 1156
1091 1157
1092 1093
1092 1157
1092 1158
1093 1094
1093 1158
1093 1159
1094 1095
1094 1159
1094 1160
1095 1096
1095 1160
1095 1161
1096 1097
1096 1161
1096 1162
1097 1098
1097 1162
1097 1163
1098 1099
1098 1163
1098 1164
1099 1100
1099 1164
1099 1165
1100 1101
1100 1165
1100 1166
1101 1102
1101 1166
1101 1167
1102 1103
1102 1167
1102 1168
1103 1104
1103 1168
1103 1169
1104 1105
1104 1169
1104 1170
1105 1106
1105 1170
1105 1171
1106 1107
1106 1171
1106 1172
1107 1108
1107 1172
1107 1173
1108 1109
1108 1173
1108 1174
1109 1110
1109 1174
1109 1175
1110 1111
1110 1175
1110 1176
1111 1112
1111 1176
1111 1177
1112 1113
1112 1177
1112 1178
1113 1114
1113 1178
1113 1179
1114 1115
1114 1179
1114 1180
1115 1116
1115 1180
1115 1181
1116 1117
1116 1181
1116 1182
1117 1118
1117 1182
1117 1183
1118 1119
1118 1183
1118 1184
1119 1120
1119 1184
1119 1185
1120 1121
1120 1185
1120 1186
1121 1186
1122 1123
1122 1187
1122 1188
1123 1124
1123 1188
1123 1189
1124 1125
1124 1189
1124 1190
1125 1126
1125 1190
1125 1191
1126 1127
1126 1191
1126 1192
1127 1128
1127 1192
1127 1193
1128 1129
1128 1193
1128 1194
1129 1130
1129 1194
1129 1195
1130 1131
1130 1195
1130 1196
1131 1132
1131 1196
1131 1197
1132 1133
1132 1197
1132 1198
1133 1134
1133 1198
1133 1199
1134 1135
1134 1199
1134 1200
1135 1136
1135 1200
1135 1201
1136 1137
1136 1201
1136 1202
1137 1138
1137 1202
1137 1203
1138 1139
1138 1203
1138 1204
1139 1140
1139 1204
1139 1205
1140 1141
1140 1205
1140 1206
1141 1142
1141 1206
1141 1207
1142 1143
1142 1207
1142 1208
1143 1144
1143 1208
1143 1209
1144 1145
1144 1209
1144 1210
1145 1146
1145 1210
1145 1211
1146 1147
1146 1211
1146 1212
1147 1148
1147 1212
1147 1213
1148 1149
1148 1213
1148 1214
1149 1150
1149 1214
1149 1215
1150 1151
1150 1215
1150 1216
1151 1152
1151 1216
1151 1217
1152 1153
1152 1217
1152 1218
1153 1154
1153 1218
1153 1219
1154 1155
1154 1219
1154 1220
1155 1156
1155 1220
1155 1221
1156 1157
1156 1221
1156 1222
1157 1158
1157 1222
1157 1223
1158 1159
1158 1223
1158 1224
1159 1160
1159 1224
1159 1225
1160 1161
1160 1225
1160 1226
1161 1162
1161 1226
1161 1227
1162 1163
1162 1227
1162 1228
1163 1164
1163 1228
1163 1229
1164 1165
1164 1229
1164 1230
1165 1166
1165 1230
1165 1231
1166 1167
1166 1231
1166 1232
1167 1168
1167 1232
1167 1233
1168 1169
1168 1233
1168 1234
1169 1170
1169 1234
1169 1235
1170 1171
1170 1235
1170 1236
1171 1172
1171 1236
1171 1237
1172 1173
1172 1237
1172 1238
1173 1174
1173 1238
1173 1239
1174 1175
1174 1239
1174 1240
1175 1176
1175 1240
1175 1241
1176 1177
1176 1241
1176 1242
1177 1178
1177 1242
1177 1243
1178 1179
1178 1243
1178 1244
1179 1180
1179 1244
1179 1245
1180 1181
1180 1245
1180 1246
1181 1182
1181 1246
1181 1247
1182 1183
1182 1247
1182 1248
1183 1184
1183 1248
1183 1249
1184 1185
1184 1249
1184 1250
1185 1186
1185 1250
1185 1251
1186 1251
1187 1188
1187 1252
1187 1253
1188 1189
1188 1253
1188 1254
1189 1190
1189 1254
1189 1255
1190 1191
1190 1255
1190 1256
1191 1192
1191 1256
1191 1257
1192 1193
1192 1257
1192 1258
1193 1194
1193 1258
1193 1259
1194 1195
1194 1259
1194 1260
1195 1196
1195 1260
1195 1261
1196 1197
1196 1261
1196 1262
1197 1198
1197 1262
1197 1263
1198 1199
1198 1263
1198 1264
1199 1200
1199 1264
1199 1265
1200 1201
1200 1265
1200 1266
1201 1202
1201 1266
1201 1267
1202 1203
1202 1267
1202 1268
1203 1204
1203 1268
1203 1269
1204 1205
1204 1269
1204 1270
1205 1206
1205 1270
1205 1271
1206 1207
1206 1271
1206 1272
1207 1208
1207 1272
1207 1273
1208 1209
1208 1273
1208 1274
1209 1210
1209 1274
1209 1275
1210 1211
1210 1275
1210 1276
1211 1212
1211 1276
1211 1277
1212 1213
1212 1277
1212 1278
1213 1214
1213 1278
1213 1279
1214 1215
1214 1279
1214 1280
1215 1216
1215 1280
1215 1281
1216 1217
1216 1281
1216 1282
1217 1218
1217 1282
1217 1283
1218 1219
1218 1283
1218 1284
1219 1220
1219 1284
1219 1285
1220 1221
1220 1285
1220 1286
1221 1222
1221 1286
1221 1287
1222 1223
1222 1287
1222 1288
1223 1224
1223 1288
1223 1289
1224 1225
1224 1289
1224 1290
1225 1226
1225 1290
1225 1291
1226 1227
1226 1291
1226 1292
1227 1228
1227 1292
1227 1293
1228 1229
1228 1293
1228 1294
1229 1230
1229 1294
1229 1295
1230 1231
1230 1295
1230 1296
1231 1232
1231 1296
1231 1297
1232 1233
1232 1297
1232 1298
1233 1234
1233 1298
1233 1299
1234 1235
1234 1299
1234 1300
1235 1236
1235 1300
1235 1301
1236 1237
1236 1301
1236 1302
1237 1238
1237 1302
1237 1303
1238 1239
1238 1303
1238 1304
1239 1240
1239 1304
1239 1305
1240 1241
1240 1305
1240 1306
1241 1242
1241 1306
1241 1307
1242 1243
1242 1307
1242 1308
1243 1244
1243 1308
1243 1309
1244 1245
1244 1309
1244 1310
1245 1246
1245 1310
1245 1311
1246 1247
1246 1311
1246 1312
1247 1248
1247 1312
1247 1313
1248 1249
1248 1313
1248 1314
1249 1250
1249 1314
1249 1315
1250 1251
1250 1315
1250 1316
1251 1316
1252 1253
1252 1317
1252 1318
1253 1254
1253 1318
1253 1319
1254 1255
1254 1319
1254 1320
1255 1256
1255 1320
1255 1321
1256 1257
1256 1321
1256 1322
1257 1258
1257 1322
1257 1323
1258 1259
1258 1323
1258 1324
1259 1260
1259 1324
1259 1325
1260 1261
1260 1325
1260 1326
1261 1262
1261 1326
1261 1327
1262 1263
1262 1327
1262 1328
1263 1264
1263 1328
1263 1329
1264 1265
1264 1329
1264 1330
1265 1266
1265 1330
1265 1331
1266 1267
1266 1331
1266 1332
1267 1268
1267 1332
1267 1333
1268 1269
1268 1333
1268 1334
1269 1270
1269 1334
1269 1335
1270 1271
1270 1335
1270 1336
1271 1272
1271 1336
1271 1337
1272 1273
1272 1337
1272 1338
1273 1274
1273 1338
1273 1339
1274 1275
1274 1339
1274 1340
1275 1276
1275 1340
1275 1341
1276 1277
1276 1341
1276 1342
1277 1278
1277 1342
1277 1343
1278 1279
1278 1343
1278 1344
1279 1280
1279 1344
1279 1345
1280 1281
1280 1345
1280 1346
1281 1282
1281 1346
1281 1347
1282 1283
1282 1347
1282 1348
1283 1284
1283 1348
1283 1349
1284 1285
1284 1349
1284 1350
1285 1286
1285 1350
1285 1351
1286 1287
1286 1351
1286 1352
1287 1288
1287 1352
1287 1353
1288 1289
1288 1353
1288 1354
1289 1290
1289 1354
1289 1355
1290 1291
1290 1355
1290 1356
1291 1292
1291 1356
1291 1357
1292 1293
1292 1357
1292 1358
1293 1294
1293 1358
1293 1359
1294 1295
1294 1359
1294 1360
1295 1296
1295 1360
1295 1361
1296 1297
1296 1361
1296 1362
1297 1298
1297 1362
1297 1363
1298 1299
1298 1363
1298 1364
1299 1300
1299 1364
1299 1365
1300 1301
1300 1365
1300 1366
1301 1302
1301 1366
1301 1367
1302 1303
1302 1367
1302 1368
1303 1304
1303 1368
1303 1369
1304 1305
1304 1369
1304 1370
1305 1306
1305 1370
1305 1371
1306 1307
1306 1371
1306 1372
1307 1308
1307 1372
1307 1373
1308 1309
1308 1373
1308 1374
1309 1310
1309 1374
1309 1375
1310 1311
1310 1375
1310 1376
1311 1312
1311 1376
1311 1377
1312 1313
1312 1377
1312 1378
1313 1314
1313 1378
1313 1379
1314 1315
1314 1379
1314 1380
1315 1316
1315 1380
1315 1381
1316 1381
1317 1318
1317 1382
1317 1383
1318 1319
1318 1383
1318 1384
1319 1320
1319 1384
1319 1385
1320 1321
1320 1385
1320 1386
1321 1322
1321 1386
1321 1387
1322 1323
1322 1387
1322 1388
1323 1324
1323 1388
1323 1389
1324 1325
1324 1389
1324 1390
1325 1326
1325 1390
1325 1391
1326 1327
1326 1391
1326 1392
1327 1328
1327 1392
1327 1393
1328 1329
1328 1393
1328 1394
1329 1330
1329 1394
1329 1395
1330 1331
1330 1395
1330 1396
1331 1332
1331 1396
1331 1397
1332 1333
1332 1397
1332 1398
1333 1334
1333 1398
1333 1399
1334 1335
1334 1399
1334 1400
1335 1336
1335 1400
1335 1401
1336 1337
1336 1401
1336 1402
1337 1338
1337 1402
1337 1403
1338 1339
1338 1403
1338 1404
1339 1340
1339 1404
1339 1405
1340 1341
1340 1405
1340 1406
1341 1342
1341 1406
1341 1407
1342 1343
1342 1407
1342 1408
1343 1344
1343 1408
1343 1409
1344 1345
1344 1409
1344 1410
1345 1346
1345 1410
1345 1411
1346 1347
1346 1411
1346 1412
1347 1348
1347 1412
1347 1413
1348 1349
1348 1413
1348 1414
1349 1350
1349 1414
1349 1415
1350 1351
1350 1415
1350 1416
1351 1352
1351 1416
1351 1417
1352 1353
1352 1417
1352 1418
1353 1354
1353 1418
1353 1419
1354 1355
1354 1419
1354 1420
1355 1356
1355 1420
1355 1421
1356 1357
1356 1421
1356 1422
1357 1358
1357 1422
1357 1423
1358 1359
1358 1423
1358 1424
1359 1360
1359 1424
1359 1425
1360 1361
1360 1425
1360 1426
1361 1362
1361 1426
1361 1427
1362 1363
1362 1427
1362 1428
1363 1364
1363 1428
1363 1429
1364 1365
1364 1429
1364 1430
1365 1366
1365 1430
1365 1431
1366 1367
1366 1431
1366 1432
1367 1368
1367 1432
1367 1433
1368 1369
1368 1433
1368 1434
1369 1370
1369 1434
1369 1435
1370 1371
1370 1435
1370 1436
1371 1372
1371 1436
1371 1437
1372 1373
1372 1437
1372 1438
1373 1374
1373 1438
1373 1439
1374 1375
1374 1439
1374 1440
1375 1376
1375 1440
1375 1441
1376 1377
1376 1441
1376 1442
1377 1378
1377 1442
1377 1443
1378 1379
1378 1443
1378 1444
1379 1380
1379 1444
1379 1445
1380 1381
1380 1445
1380 1446
1381 1446
1382 1383
1382 1447
1382 1448
1383 1384
1383 1448
1383 1449
1384 1385
1384 1449
1384 1450
1385 1386
1385 1450
1385 1451
1386 1387
1386 1451
1386 1452
1387 1388
1387 1452
1387 1453
1388 1389
1388 1453
1388 1454
1389 1390
1389 1454
1389 1455
1390 1391
1390 1455
1390 1456
1391 1392
1391 1456
1391 1457
1392 1393
1392 1457
1392 1458
1393 1394
1393 1458
1393 1459
1394 1395
1394 1459
1394 1460
1395 1396
1395 1460
1395 1461
1396 1397
1396 1461
1396 1462
1397 1398
1397 1462
1397 1463
1398 1399
1398 1463
1398 1464
1399 1400
1399 1464
1399 1465
1400 1401
1400 1465
1400 1466
1401 1402
1401 1466
1401 1467
1402 1403
1402 1467
1402 1468
1403 1404
1403 1468
1403 1469
1404 1405
1404 1469
1404 1470
1405 1406
1405 1470
1405 1471
1406 1407
1406 1471
1406 1472
1407 1408
1407 1472
1407 1473
1408 1409
1408 1473
1408 1474
1409 1410
1409 1474
1409 1475
1410 1411
1410 1475
1410 1476
1411 1412
1411 1476
1411 1477
1412 1413
1412 1477
1412 1478
1413 1414
1413 1478
1413 1479
1414 1415
1414 1479
1414 1480
1415 1416
1415 1480
1415 1481
1416 1417
1416 1481
1416 1482
1417 1418
1417 1482
1417 1483
1418 1419
1418 1483
1418 1484
1419 1420
1419 1484
1419 1485
1420 1421
1420 1485
1420 1486
1421 1422
1421 1486
1421 1487
1422 1423
1422 1487
1422 1488
1423 1424
1423 1488
1423 1489
1424 1425
1424 1489
1424 1490
1425 1426
1425 1490
1425 1491
1426 1427
1426 1491
1426 1492
1427 1428
1427 1492
1427 1493
1428 1429
1428 1493
1428 1494
1429 1430
1429 1494
1429 1495
1430 1431
1430 1495
1430 1496
1431 1432
1431 1496
1431 1497
1432 1433
1432 1497
1432 1498
1433 1434
1433 1498
1433 1499
1434 1435
1434 1499
1434 1500
1435 1436
1435 1500
1435 1501
1436 1437
1436 1501
1436 1502
1437 1438
1437 1502
1437 1503
1438 1439
1438 1503
1438 1504
1439 1440
1439 1504
1439 1505
1440 1441
1440 1505
1440 1506
1441 1442
1441 1506
1441 1507
1442 1443
1442 1507
1442 1508
1443 1444
1443 1508
1443 1509
1444 1445
1444 1509
1444 1510
1445 1446
1445 1510
1445 1511
1446 1511
1447 1448
1447 1512
1447 1513
1448 1449
1448 1513
1448 1514
1449 1450
1449 1514
1449 1515
1450 1451
1450 1515
1450 1516
1451 1452
1451 1516
1451 1517
1452 1453
1452 1517
1452 1518
1453 1454
1453 1518
1453 1519
1454 1455
1454 1519
1454 1520
1455 1456
1455 1520
1455 1521
1456 1457
1456 1521
1456 1522
1457 1458
1457 1522
1457 1523
1458 1459
1458 1523
1458 1524
1459 1460
1459 1524
1459 1525
1460 1461
1460 1525
1460 1526
1461 1462
1461 1526
1461 1527
1462 1463
1462 1527
1462 1528
1463 1464
1463 1528
1463 1529
1464 1465
1464 1529
1464 1530
1465 1466
1465 1530
1465 1531
1466 1467
1466 1531
1466 1532
1467 1468
1467 1532
1467 1533
1468 1469
1468 1533
1468 1534
1469 1470
1469 1534
1469 1535
1470 1471
1470 1535
1470 1536
1471 1472
1471 1536
1471 1537
1472 1473
1472 1537
1472 1538
1473 1474
1473 1538
1473 1539
1474 1475
1474 1539
1474 1540
1475 1476
1475 1540
1475 1541
1476 1477
1476 1541
1476 1542
1477 1478
1477 1542
1477 1543
1478 1479
1478 1543
1478 1544
1479 1480
1479 1544
1479 1545
1480 1481
1480 1545
1480 1546
1481 1482
1481 1546
1481 1547
1482 1483
1482 1547
1482 1548
1483 1484
1483 1548
1483 1549
1484 1485
1484 1549
1484 1550
1485 1486
1485 1550
1485 1551
1486 1487
1486 1551
1486 1552
1487 1488
1487 1552
1487 1553
1488 1489
1488 1553
1488 1554
1489 1490
1489 1554
1489 1555
1490 1491
1490 1555
1490 1556
1491 1492
1491 1556
1491 1557
1492 1493
1492 1557
1492 1558
1493 1494
1493 1558
1493 1559
1494 1495
1494 1559
1494 1560
1495 1496
1495 1560
1495 1561
1496 1497
1496 1561
1496 1562
1497 1498
1497 1562
1497 1563
1498 1499
1498 1563
1498 1564
1499 1500
1499 1564
1499 1565
1500 1501
1500 1565
1500 1566
1501 1502
1501 1566
1501 1567
1502 1503
1502 1567
1502 1568
1503 1504
1503 1568
1503 1569
1504 1505
1504 1569
1504 1570
1505 1506
1505 1570
1505 1571
1506 1507
1506 1571
1506 1572
1507 1508
1507 1572
1507 1573
1508 1509
1508 1573
1508 1574
1509 1510
1509 1574
1509 1575
1510 1511
1510 1575
1510 1576
1511 1576
1512 1513
1512 1577
1512 1578
1513 1514
1513 1578
1513 1579
1514 1515
1514 1579
1514 1580
1515 1516
1515 1580
1515 1581
1516 1517
1516 1581
1516 1582
1517 1518
1517 1582
1517 1583
1518 1519
1518 1583
1518 1584
1519 1520
1519 1584
1519 1585
1520 1521
1520 1585
1520 1586
1521 1522
1521 1586
1521 1587
1522 1523
1522 1587
1522 1588
1523 1524
1523 1588
1523 1589
1524 1525
1524 1589
1524 1590
1525 1526
1525 1590
1525 1591
1526 1527
1526 1591
1526 1592
1527 1528
1527 1592
1527 1593
1528 1529
1528 1593
1528 1594
1529 1530
1529 1594
1529 1595
1530 1531
1530 1595
1530 1596
1531 1532
1531 1596
1531 1597
1532 1533
1532 1597
1532 1598
1533 1534
1533 1598
1533 1599
1534 1535
1534 1599
1534 1600
1535 1536
1535 1600
1535 1601
1536 1537
1536 1601
1536 1602
1537 1538
1537 1602
1537 1603
1538 1539
1538 1603
1538 1604
1539 1540
1539 1604
1539 1605
1540 1541
1540 1605
1540 1606
1541 1542
1541 1606
1541 1607
1542 1543
1542 1607
1542 1608
1543 1544
1543 1608
1543 1609
1544 1545
1544 1609
1544 1610
1545 1546
1545 1610
1545 1611
1546 1547
1546 1611
1546 1612
1547 1548
1547 1612
1547 1613
1548 1549
1548 1613
1548 1614
1549 1550
1549 1614
1549 1615
1550 1551
1550 1615
1550 1616
1551 1552
1551 1616
1551 1617
1552 1553
1552 1617
1552 1618
1553 1554
1553 1618
1553 1619
1554 1555
1554 1619
1554 1620
1555 1556
1555 1620
1555 1621
1556 1557
1556 1621
1556 1622
1557 1558
1557 1622
1557 1623
1558 1559
1558 1623
1558 1624
1559 1560
1559 1624
1559 1625
1560 1561
1560 1625
1560 1626
1561 1562
1561 1626
1561 1627
1562 1563
1562 1627
1562 1628
1563 1564
1563 1628
1563 1629
1564 1565
1564 1629
1564 1630
1565 1566
1565 1630
1565 1631
1566 1567
1566 1631
1566 1632
1567 1568
1567 1632
1567 1633
1568 1569
1568 1633
1568 1634
1569 1570
1569 1634
1569 1635
1570 1571
1570 1635
1570 1636
1571 1572
1571 1636
1571 1637
1572 1573
1572 1637
1572 1638
1573 1574
1573 1638
1573 1639
1574 1575
1574 1639
1574 1640
1575 1576
1575 1640
1575 1641
1576 1641
1577 1578
1577 1642
1577 1643
1578 1579
1578 1643
1578 1644
1579 1580
1579 1644
1579 1645
1580 1581
1580 1645
1580 1646
1581 1582
1581 1646
1581 1647
1582 1583
1582 1647
1582 1648
1583 1584
1583 1648
1583 1649
1584 1585
1584 1649
1584 1650
1585 1586
1585 1650
1585 1651
1586 1587
1586 1651
1586 1652
1587 1588
1587 1652
1587 1653
1588 1589
1588 1653
1588 1654
1589 1590
1589 1654
1589 1655
1590 1591
1590 1655
1590 1656
1591 1592
1591 1656
1591 1657
1592 1593
1592 1657
1592 1658
1593 1594
1593 1658
1593 1659
1594 1595
1594 1659
1594 1660
1595 1596
1595 1660
1595 1661
1596 1597
1596 1661
1596 1662
1597 1598
1597 1662
1597 1663
1598 1599
1598 1663
1598 1664
1599 1600
1599 1664
1599 1665
1600 1601
1600 1665
1600 1666
1601 1602
1601 1666
1601 1667
1602 1603
1602 1667
1602 1668
1603 1604
1603 1668
1603 1669
1604 1605
1604 1669
1604 1670
1605 1606
1605 1670
1605 1671
1606 1607
1606 1671
1606 1672
1607 1608
1607 1672
1607 1673
1608 1609
1608 1673
1608 1674
1609 1610
1609 1674
1609 1675
1610 1611
1610 1675
1610 1676
1611 1612
1611 1676
1611 1677
1612 1613
1612 1677
1612 1678
1613 1614
1613 1678
1613 1679
1614 1615
1614 1679
1614 1680
1615 1616
1615 1680
1615 1681
1616 1617
1616 1681
1616 1682
1617 1618
1617 1682
1617 1683
1618 1619
1618 1683
1618 1684
1619 1620
1619 1684
1619 1685
1620 1621
1620 1685
1620 1686
1621 1622
1621 1686
1621 1687
1622 1623
1622 1687
1622 1688
1623 1624
1623 1688
1623 1689
1624 1625
1624 1689
1624 1690
1625 1626
1625 1690
1625 1691
1626 1627
1626 1691
1626 1692
1627 1628
1627 1692
1627 1693
1628 1629
1628 1693
1628 1694
1629 1630
1629 1694
1629 1695
1630 1631
1630 1695
1630 1696
1631 1632
1631 1696
1631 1697
1632 1633
1632 1697
1632 1698
1633 1634
1633 1698
1633 1699
1634 1635
1634 1699
1634 1700
1635 1636
1635 1700
1635 1701
1636 1637
1636 1701
1636 1702
1637 1638
1637 1702
1637 1703
1638 1639
1638 1703
1638 1704
1639 1640
1639 1704
1639 1705
1640 1641
1640 1705
1640 1706
1641 1706
1642 1643
1642 1707
1642 1708
1643 1644
1643 1708
1643 1709
1644 1645
1644 1709
1644 1710
1645 1646
1645 1710
1645 1711
1646 1647
1646 1711
1646 1712
1647 1648
1647 1712
1647 1713
1648 1649
1648 1713
1648 1714
1649 1650
1649 1714
1649 1715
1650 1651
1650 1715
1650 1716
1651 1652
1651 1716
1651 1717
1652 1653
1652 1717
1652 1718
1653 1654
1653 1718
1653 1719
1654 1655
1654 1719
1654 1720
1655 1656
1655 1720
1655 1721
1656 1657
1656 1721
1656 1722
1657 1658
1657 1722
1657 1723
1658 1659
1658 1723
1658 1724
1659 1660
1659 1724
1659 1725
1660 1661
1660 1725
1660 1726
1661 1662
1661 1726
1661 1727
1662 1663
1662 1727
1662 1728
1663 1664
1663 1728
1663 1729
1664 1665
1664 1729
1664 1730
1665 1666
1665 1730
1665 1731
1666 1667
1666 1731
1666 1732
1667 1668
1667 1732
1667 1733
1668 1669
1668 1733
1668 1734
1669 1670
1669 1734
1669 1735
1670 1671
1670 1735
1670 1736
1671 1672
1671 1736
1671 1737
1672 1673
1672 1737
1672 1738
1673 1674
1673 1738
1673 1739
1674 1675
1674 1739
1674 1740
1675 1676
1675 1740
1675 1741
1676 1677
1676 1741
1676 1742
1677 1678
1677 1742
1677 1743
1678 1679
1678 1743
1678 1744
1679 1680
1679 1744
1679 1745
1680 1681
1680 1745
1680 1746
1681 1682
1681 1746
1681 1747
1682 1683
1682 1747
1682 1748
1683 1684
1683 1748
1683 1749
1684 1685
1684 1749
1684 1750
1685 1686
1685 1750
1685 1751
1686 1687
1686 1751
1686 1752
1687 1688
1687 1752
1687 1753
1688 1689
1688 1753
1688 1754
1689 1690
1689 1754
1689 1755
1690 1691
1690 1755
1690 1756
1691 1692
1691 1756
1691 1757
1692 1693
1692 1757
1692 1758
1693 1694
1693 1758
1693 1759
1694 1695
1694 1759
1694 1760
1695 1696
1695 1760
1695 1761
1696 1697
1696 1761
1696 1762
1697 1698
1697 1762
1697 1763
1698 1699
1698 1763
1698 1764
1699 1700
1699 1764
1699 1765
1700 1701
1700 1765
1700 1766
1701 1702
1701 1766
1701 1767
1702 1703
1702 1767
1702 1768
1703 1704
1703 1768
1703 1769
1704 1705
1704 1769
1704 1770
1705 1706
1705 1770
1705 1771
1706 1771
1707 1708
1707 1772
1707 1773
1708 1709
1708 1773
1708 1774
1709 1710
1709 1774
1709 1775
1710 1711
1710 1775
1710 1776
1711 1712
1711 1776
1711 1777
1712 1713
1712 1777
1712 1778
1713 1714
1713 1778
1713 1779
1714 1715
1714 1779
1714 1780
1715 1716
1715 1780
1715 1781
1716 1717
1716 1781
1716 1782
1717 1718
1717 1782
1717 1783
1718 1719
1718 1783
1718 1784
1719 1720
1719 1784
1719 1785
1720 1721
1720 1785
1720 1786
1721 1722
1721 1786
1721 1787
1722 1723
1722 1787
1722 1788
1723 1724
1723 1788
1723 1789
1724 1725
1724 1789
1724 1790
1725 1726
1725 1790
1725 1791
1726 1727
1726 1791
1726 1792
1727 1728
1727 1792
1727 1793
1728 1729
1728 1793
1728 1794
1729 1730
1729 1794
1729 1795
1730 1731
1730 1795
1730 1796
1731 1732
1731 1796
1731 1797
1732 1733
1732 1797
1732 1798
1733 1734
1733 1798
1733 1799
1734 1735
1734 1799
1734 1800
1735 1736
1735 1800
1735 1801
1736 1737
1736 1801
1736 1802
1737 1738
1737 1802
1737 1803
1738 1739
1738 1803
1738 1804
1739 1740
1739 1804
1739 1805
1740 1741
1740 1805
1740 1806
1741 1742
1741 1806
1741 1807
1742 1743
1742 1807
1742 1808
1743 1744
1743 1808
1743 1809
1744 1745
1744 1809
1744 1810
1745 1746
1745 1810
1745 1811
1746 1747
1746 1811
1746 1812
1747 1748
1747 1812
1747 1813
1748 1749
1748 1813
1748 1814
1749 1750
1749 1814
1749 1815
1750 1751
1750 1815
1750 1816
1751 1752
1751 1816
1751 1817
1752 1753
1752 1817
1752 1818
1753 1754
1753 1818
1753 1819
1754 1755
1754 1819
1754 1820
1755 1756
1755 1820
1755 1821
1756 1757
1756 1821
1756 1822
1757 1758
1757 1822
1757 1823
1758 1759
1758 1823
1758 1824
1759 1760
1759 1824
1759 1825
1760 1761
1760 1825
1760 1826
1761 1762
1761 1826
1761 1827
1762 1763
1762 1827
1762 1828
1763 1764
1763 1828
1763 1829
1764 1765
1764 1829
1764 1830
1765 1766
1765 1830
1765 1831
1766 1767
1766 1831
1766 1832
1767 1768
1767 1832
1767 1833
1768 1769
1768 1833
1768 1834
1769 1770
1769 1834
1769 1835
1770 1771
1770 1835
1770 1836
1771 1836
1772 1773
1772 1837
1772 1838
1773 1774
1773 1838
1773 1839
1774 1775
1774 1839
1774 1840
1775 1776
1775 1840
1775 1841
1776 1777
1776 1841
1776 1842
1777 1778
1777 1842
1777 1843
1778 1779
1778 1843
1778 1844
1779 1780
1779 1844
1779 1845
1780 1781
1780 1845
1780 1846
1781 1782
1781 1846
1781 1847
1782 1783
1782 1847
1782 1848
1783 1784
1783 1848
1783 1849
1784 1785
1784 1849
1784 1850
1785 1786
1785 1850
1785 1851
1786 1787
1786 1851
1786 1852
1787 1788
1787 1852
1787 1853
1788 1789
1788 1853
1788 1854
1789 1790
1789 1854
1789 1855
1790 1791
1790 1855
1790 1856
1791 1792
1791 1856
1791 1857
1792 1793
1792 1857
1792 1858
1793 1794
1793 1858
1793 1859
1794 1795
1794 1859
1794 1860
1795 1796
1795 1860
1795 1861
1796 1797
1796 1861
1796 1862
1797 1798
1797 1862
1797 1863
1798 1799
1798 1863
1798 1864
1799 1800
1799 1864
1799 1865
1800 1801
1800 1865
1800 1866
1801 1802
1801 1866
1801 1867
1802 1803
1802 1867
1802 1868
1803 1804
1803 1868
1803 1869
1804 1805
1804 1869
1804 1870
1805 1806
1805 1870
1805 1871
1806 1807
1806 1871
1806 1872
1807 1808
1807 1872
1807 1873
1808 1809
1808 1873
1808 1874
1809 1810
1809 1874
1809 1875
1810 1811
1810 1875
1810 1876
1811 1812
1811 1876
1811 1877
1812 1813
1812 1877
1812 1878
1813 1814
1813 1878
1813 1879
1814 1815
1814 1879
1814 1880
1815 1816
1815 1880
1815 1881
1816 1817
1816 1881
1816 1882
1817 1818
1817 1882
1817 1883
1818 1819
1818 1883
1818 1884
1819 1820
1819 1884
1819 1885
1820 1821
1820 1885
1820 1886
1821 1822
1821 1886
1821 1887
1822 1823
1822 1887
1822 1888
1823 1824
1823 1888
1823 1889
1824 1825
1824 1889
1824 1890
1825 1826
1825 1890
1825 1891
1826 1827
1826 1891
1826 1892
1827 1828
1827 1892
1827 1893
1828 1829
1828 1893
1828 1894
1829 1830
1829 1894
1829 1895
1830 1831
1830 1895
1830 1896
1831 1832
1831 1896
1831 1897
1832 1833
1832 1897
1832 1898
1833 1834
1833 1898
1833 1899
1834 1835
1834 1899
1834 1900
1835 1836
1835 1900
1835 1901
1836 1901
1837 1838
1837 1902
1837 1903
1838 1839
1838 1903
1838 1904
1839 1840
1839 1904
1839 1905
1840 1841
1840 1905
1840 1906
1841 1842
1841 1906
1841 1907
1842 1843
1842 1907
1842 1908
1843 1844
1843 1908
1843 1909
1844 1845
1844 1909
1844 1910
1845 1846
1845 1910
1845 1911
1846 1847
1846 1911
1846 1912
1847 1848
1847 1912
1847 1913
1848 1849
1848 1913
1848 1914
1849 1850
1849 1914
1849 1915
1850 1851
1850 1915
1850 1916
1851 1852
1851 1916
1851 1917
1852 1853
1852 1917
1852 1918
1853 1854
1853 1918
1853 1919
1854 1855
1854 1919
1854 1920
1855 1856
1855 1920
1855 1921
1856 1857
1856 1921
1856 1922
1857 1858
1857 1922
1857 1923
1858 1859
1858 1923
1858 1924
1859 1860
1859 1924
1859 1925
1860 1861
1860 1925
1860 1926
1861 1862
1861 1926
1861 1927
1862 1863
1862 1927
1862 1928
1863 1864
1863 1928
1863 1929
1864 1865
1864 1929
1864 1930
1865 1866
1865 1930
1865 1931
1866 1867
1866 1931
1866 1932
1867 1868
1867 1932
1867 1933
1868 1869
1868 1933
1868 1934
1869 1870
1869 1934
1869 1935
1870 1871
1870 1935
1870 1936
1871 1872
1871 1936
1871 1937
1872 1873
1872 1937
1872 1938
1873 1874
1873 1938
1873 1939
1874 1875
1874 1939
1874 1940
1875 1876
1875 1940
1875 1941
1876 1877
1876 1941
1876 1942
1877 1878
1877 1942
1877 1943
1878 1879
1878 1943
1878 1944
1879 1880
1879 1944
1879 1945
1880 1881
1880 1945
1880 1946
1881 1882
1881 1946
1881 1947
1882 1883
1882 1947
1882 1948
1883 1884
1883 1948
1883 1949
1884 1885
1884 1949
1884 1950
1885 1886
1885 1950
1885 1951
1886 1887
1886 1951
1886 1952
1887 1888
1887 1952
1887 1953
1888 1889
1888 1953
1888 1954
1889 1890
1889 1954
1889 1955
1890 1891
1890 1955
1890 1956
1891 1892
1891 1956
1891 1957
1892 1893
1892 1957
1892 1958
1893 1894
1893 1958
1893 1959
1894 1895
1894 1959
1894 1960
1895 1896
1895 1960
1895 1961
1896 1897
1896 1961
1896 1962
1897 1898
1897 1962
1897 1963
1898 1899
1898 1963
1898 1964
1899 1900
1899 1964
1899 1965
1900 1901
1900 1965
1900 1966
1901 1966
1902 1903
1902 1967
1902 1968
1903 1904
1903 1968
1903 1969
1904 1905
1904 1969
1904 1970
1905 1906
1905 1970
1905 1971
1906 1907
1906 1971
1906 1972
1907 1908
1907 1972
1907 1973
1908 1909
1908 1973
1908 1974
1909 1910
1909 1974
1909 1975
1910 1911
1910 1975
1910 1976
1911 1912
1911 1976
1911 1977
1912 1913
1912 1977
1912 1978
1913 1914
1913 1978
1913 1979
1914 1915
1914 1979
1914 1980
1915 1916
1915 1980
1915 1981
1916 1917
1916 1981
1916 1982
1917 1918
1917 1982
1917 1983
1918 1919
1918 1983
1918 1984
1919 1920
1919 1984
1919 1985
1920 1921
1920 1985
1920 1986
1921 1922
1921 1986
1921 1987
1922 1923
1922 1987
1922 1988
1923 1924
1923 1988
1923 1989
1924 1925
1924 1989
1924 1990
1925 1926
1925 1990
1925 1991
1926 1927
1926 1991
1926 1992
1927 1928
1927 1992
1927 1993
1928 1929
1928 1993
1928 1994
1929 1930
1929 1994
1929 1995
1930 1931
1930 1995
1930 1996
1931 1932
1931 1996
1931 1997
1932 1933
1932 1997
1932 1998
1933 1934
1933 1998
1933 1999
1934 1935
1934 1999
1934 2000
1935 1936
1935 2000
1935 2001
1936 1937
1936 2001
1936 2002
1937 1938
1937 2002
1937 2003
1938 1939
1938 2003
1938 2004
1939 1940
1939 2004
1939 2005
1940 1941
1940 2005
1940 2006
1941 1942
1941 2006
1941 2007
1942 1943
1942 2007
1942 2008
1943 1944
1943 2008
1943 2009
1944 1945
1944 2009
1944 2010
1945 1946
1945 2010
1945 2011
1946 1947
1946 2011
1946 2012
1947 1948
1947 2012
1947 2013
1948 1949
1948 2013
1948 2014
1949 1950
1949 2014
1949 2015
1950 1951
1950 2015
1950 2016
1951 1952
1951 2016
1951 2017
1952 1953
1952 2017
1952 2018
1953 1954
1953 2018
1953 2019
1954 1955
1954 2019
1954 2020
1955 1956
1955 2020
1955 2021
1956 1957
1956 2021
1956 2022
1957 1958
1957 2022
1957 2023
1958 1959
1958 2023
1958 2024
1959 1960
1959 2024
1959 2025
1960 1961
1960 2025
1960 2026
1961 1962
1961 2026
1961 2027
1962 1963
1962 2027
1962 2028
1963 1964
1963 2028
1963 2029
1964 1965
1964 2029
1964 2030
1965 1966
1965 2030
1965 2031
1966 2031
1967 1968
1967 2032
1967 2033
1968 1969
1968 2033
1968 2034
1969 1970
1969 2034
1969 2035
1970 1971
1970 2035
1970 2036
1971 1972
1971 2036
1971 2037
1972 1973
1972 2037
1972 2038
1973 1974
1973 2038
1973 2039
1974 1975
1974 2039
1974 2040
1975 1976
1975 2040
1975 2041
1976 1977
1976 2041
1976 2042
1977 1978
1977 2042
1977 2043
1978 1979
1978 2043
1978 2044
1979 1980
1979 2044
1979 2045
1980 1981
1980 2045
1980 2046
1981 1982
1981 2046
1981 2047
1982 1983
1982 2047
1982 2048
1983 1984
1983 2048
1983 2049
1984 1985
1984 2049
1984 2050
1985 1986
1985 2050
1985 2051
1986 1987
1986 2051
1986 2052
1987 1988
1987 2052
1987 2053
1988 1989
1988 2053
1988 2054
1989 1990
1989 2054
1989 2055
1990 1991
1990 2055
1990 2056
1991 1992
1991 2056
1991 2057
1992 1993
1992 2057
1992 2058
1993 1994
1993 2058
1993 2059
1994 1995
1994 2059
1994 2060
1995 1996
1995 2060
1995 2061
1996 1997
1996 2061
1996 2062
1997 1998
1997 2062
1997 2063
1998 1999
1998 2063
1998 2064
1999 2000
1999 2064
1999 2065
2000 2001
2000 2065
2000 2066
2001 2002
2001 2066
2001 2067
2002 2003
2002 2067
2002 2068
2003 2004
2003 2068
2003 2069
2004 2005
2004 2069
2004 2070
2005 2006
2005 2070
2005 2071
2006 2007
2006 2071
2006 2072
2007 2008
2007 2072
2007 2073
2008 2009
2008 2073
2008 2074
2009 2010
2009 2074
2009 2075
2010 2011
2010 2075
2010 2076
2011 2012
2011 2076
2011 2077
2012 2013
2012 2077
2012 2078
2013 2014
2013 2078
2013 2079
2014 2015
2014 2079
2014 2080
2015 2016
2015 2080
2015 2081
2016 2017
2016 2081
2016 2082
2017 2018
2017 2082
2017 2083
2018 2019
2018 2083
2018 2084
2019 2020
2019 2084
2019 2085
2020 2021
2020 2085
2020 2086
2021 2022
2021 2086
2021 2087
2022 2023
2022 2087
2022 2088
2023 2024
2023 2088
2023 2089
2024 2025
2024 2089
2024 2090
2025 2026
2025 2090
2025 2091
2026 2027
2026 2091
2026 2092
2027 2028
2027 2092
2027 2093
2028 2029
2028 2093
2028 2094
2029 2030
2029 2094
2029 2095
2030 2031
2030 2095
2030 2096
2031 2096
2032 2033
2032 2097
2032 2098
2033 2034
2033 2098
2033 2099
2034 2035
2034 2099
2034 2100
2035 2036
2035 2100
2035 2101
2036 2037
2036 2101
2036 2102
2037 2038
2037 2102
2037 2103
2038 2039
2038 2103
2038 2104
2039 2040
2039 2104
2039 2105
2040 2041
2040 2105
2040 2106
2041 2042
2041 2106
2041 2107
2042 2043
2042 2107
2042 2108
2043 2044
2043 2108
2043 2109
2044 2045
2044 2109
2044 2110
2045 2046
2045 2110
2045 2111
2046 2047
2046 2111
2046 2112
2047 2048
2047 2112
2047 2113
2048 2049
2048 2113
2048 2114
2049 2050
2049 2114
2049 2115
2050 2051
2050 2115
2050 2116
2051 2052
2051 2116
2051 2117
2052 2053
2052 2117
2052 2118
2053 2054
2053 2118
2053 2119
2054 2055
2054 2119
2054 2120
2055 2056
2055 2120
2055 2121
2056 2057
2056 2121
2056 2122
2057 2058
2057 2122
2057 2123
2058 2059
2058 2123
2058 2124
2059 2060
2059 2124
2059 2125
2060 2061
2060 2125
2060 2126
2061 2062
2061 2126
2061 2127
2062 2063
2062 2127
2062 2128
2063 2064
2063 2128
2063 2129
2064 2065
2064 2129
2064 2130
2065 2066
2065 2130
2065 2131
2066 2067
2066 2131
2066 2132
2067 2068
2067 2132
2067 2133
2068 2069
2068 2133
2068 2134
2069 2070
2069 2134
2069 2135
2070 2071
2070 2135
2070 2136
2071 2072
2071 2136
2071 2137
2072 2073
2072 2137
2072 2138
2073 2074
2073 2138
2073 2139
2074 2075
2074 2139
2074 2140
2075 2076
2075 2140
2075 2141
2076 2077
2076 2141
2076 2142
2077 2078
2077 2142
2077 2143
2078 2079
2078 2143
2078 2144
2079 2080
2079 2144
2079 2145
2080 2081
2080 2145
2080 2146
2081 2082
2081 2146
2081 2147
2082 2083
2082 2147
2082 2148
2083 2084
2083 2148
2083 2149
2084 2085
2084 2149
2084 2150
2085 2086
2085 2150
2085 2151
2086 2087
2086 2151
2086 2152
2087 2088
2087 2152
2087 2153
2088 2089
2088 2153
2088 2154
2089 2090
2089 2154
2089 2155
2090 2091
2090 2155
2090 2156
2091 2092
2091 2156
2091 2157
2092 2093
2092 2157
2092 2158
2093 2094
2093 2158
2093 2159
2094 2095
2094 2159
2094 2160
2095 2096
2095 2160
2095 2161
2096 2161
2097 2098
2097 2162
2097 2163
2098 2099
2098 2163
2098 2164
2099 2100
2099 2164
2099 2165
2100 2101
2100 2165
2100 2166
2101 2102
2101 2166
2101 2167
2102 2103
2102 2167
2102 2168
2103 2104
2103 2168
2103 2169
2104 2105
2104 2169
2104 2170
2105 2106
2105 2170
2105 2171
2106 2107
2106 2171
2106 2172
2107 2108
2107 2172
2107 2173
2108 2109
2108 2173
2108 2174
2109 2110
2109 2174
2109 2175
2110 2111
2110 2175
2110 2176
2111 2112
2111 2176
2111 2177
2112 2113
2112 2177
2112 2178
2113 2114
2113 2178
2113 2179
2114 2115
2114 2179
2114 2180
2115 2116
2115 2180
2115 2181
2116 2117
2116 2181
2116 2182
2117 2118
2117 2182
2117 2183
2118 2119
2118 2183
2118 2184
2119 2120
2119 2184
2119 2185
2120 2121
2120 2185
2120 2186
2121 2122
2121 2186
2121 2187
2122 2123
2122 2187
2122 2188
2123 2124
2123 2188
2123 2189
2124 2125
2124 2189
2124 2190
2125 2126
2125 2190
2125 2191
2126 2127
2126 2191
2126 2192
2127 2128
2127 2192
2127 2193
2128 2129
2128 2193
2128 2194
2129 2130
2129 2194
2129 2195
2130 2131
2130 2195
2130 2196
2131 2132
2131 2196
2131 2197
2132 2133
2132 2197
2132 2198
2133 2134
2133 2198
2133 2199
2134 2135
2134 2199
2134 2200
2135 2136
2135 2200
2135 2201
2136 2137
2136 2201
2136 2202
2137 2138
2137 2202
2137 2203
2138 2139
2138 2203
2138 2204
2139 2140
2139 2204
2139 2205
2140 2141
2140 2205
2140 2206
2141 2142
2141 2206
2141 2207
2142 2143
2142 2207
2142 2208
2143 2144
2143 2208
2143 2209
2144 2145
2144 2209
2144 2210
2145 2146
2145 2210
2145 2211
2146 2147
2146 2211
2146 2212
2147 2148
2147 2212
2147 2213
2148 2149
2148 2213
2148 2214
2149 2150
2149 2214
2149 2215
2150 2151
2150 2215
2150 2216
2151 2152
2151 2216
2151 2217
2152 2153
2152 2217
2152 2218
2153 2154
2153 2218
2153 2219
2154 2155
2154 2219
2154 2220
2155 2156
2155 2220
2155 2221
2156 2157
2156 2221
2156 2222
2157 2158
2157 2222
2157 2223
2158 2159
2158 2223
2158 2224
2159 2160
2159 2224
2159 2225
2160 2161
2160 2225
2160 2226
2161 2226
2162 2163
2162 2227
2162 2228
2163 2164
2163 2228
2163 2229
2164 2165
2164 2229
2164 2230
2165 2166
2165 2230
2165 2231
2166 2167
2166 2231
2166 2232
2167 2168
2167 2232
2167 2233
2168 2169
2168 2233
2168 2234
2169 2170
2169 2234
2169 2235
2170 2171
2170 2235
2170 2236
2171 2172
2171 2236
2171 2237
2172 2173
2172 2237
2172 2238
2173 2174
2173 2238
2173 2239
2174 2175
2174 2239
2174 2240
2175 2176
2175 2240
2175 2241
2176 2177
2176 2241
2176 2242
2177 2178
2177 2242
2177 2243
2178 2179
2178 2243
2178 2244
2179 2180
2179 2244
2179 2245
2180 2181
2180 2245
2180 2246
2181 2182
2181 2246
2181 2247
2182 2183
2182 2247
2182 2248
2183 2184
2183 2248
2183 2249
2184 2185
2184 2249
2184 2250
2185 2186
2185 2250
2185 2251
2186 2187
2186 2251
2186 2252
2187 2188
2187 2252
2187 2253
2188 2189
2188 2253
2188 2254
2189 2190
2189 2254
2189 2255
2190 2191
2190 2255
2190 2256
2191 2192
2191 2256
2191 2257
2192 2193
2192 2257
2192 2258
2193 2194
2193 2258
2193 2259
2194 2195
2194 2259
2194 2260
2195 2196
2195 2260
2195 2261
2196 2197
2196 2261
2196 2262
2197 2198
2197 2262
2197 2263
2198 2199
2198 2263
2198 2264
2199 2200
2199 2264
2199 2265
2200 2201
2200 2265
2200 2266
2201 2202
2201 2266
2201 2267
2202 2203
2202 2267
2202 2268
2203 2204
2203 2268
2203 2269
2204 2205
2204 2269
2204 2270
2205 2206
2205 2270
2205 2271
2206 2207
2206 2271
2206 2272
2207 2208
2207 2272
2207 2273
2208 2209
2208 2273
2208 2274
2209 2210
2209 2274
2209 2275
2210 2211
2210 2275
2210 2276
2211 2212
2211 2276
2211 2277
2212 2213
2212 2277
2212 2278
2213 2214
2213 2278
2213 2279
2214 2215
2214 2279
2214 2280
2215 2216
2215 2280
2215 2281
2216 2217
2216 2281
2216 2282
2217 2218
2217 2282
2217 2283
2218 2219
2218 2283
2218 2284
2219 2220
2219 2284
2219 2285
2220 2221
2220 2285
2220 2286
2221 2222
2221 2286
2221 2287
2222 2223
2222 2287
2222 2288
2223 2224
2223 2288
2223 2289
2224 2225
2224 2289
2224 2290
2225 2226
2225 2290
2225 2291
2226 2291
2227 2228
2227 2292
2227 2293
2228 2229
2228 2293
2228 2294
2229 2230
2229 2294
2229 2295
2230 2231
2230 2295
2230 2296
2231 2232
2231 2296
2231 2297
2232 2233
2232 2297
2232 2298
2233 2234
2233 2298
2233 2299
2234 2235
2234 2299
2234 2300
2235 2236
2235 2300
2235 2301
2236 2237
2236 2301
2236 2302
2237 2238
2237 2302
2237 2303
2238 2239
2238 2303
2238 2304
2239 2240
2239 2304
2239 2305
2240 2241
2240 2305
2240 2306
2241 2242
2241 2306
2241 2307
2242 2243
2242 2307
2242 2308
2243 2244
2243 2308
2243 2309
2244 2245
2244 2309
2244 2310
2245 2246
2245 2310
2245 2311
2246 2247
2246 2311
2246 2312
2247 2248
2247 2312
2247 2313
2248 2249
2248 2313
2248 2314
2249 2250
2249 2314
2249 2315
2250 2251
2250 2315
2250 2316
2251 2252
2251 2316
2251 2317
2252 2253
2252 2317
2252 2318
2253 2254
2253 2318
2253 2319
2254 2255
2254 2319
2254 2320
2255 2256
2255 2320
2255 2321
2256 2257
2256 2321
2256 2322
2257 2258
2257 2322
2257 2323
2258 2259
2258 2323
2258 2324
2259 2260
2259 2324
2259 2325
2260 2261
2260 2325
2260 2326
2261 2262
2261 2326
2261 2327
2262 2263
2262 2327
2262 2328
2263 2264
2263 2328
2263 2329
2264 2265
2264 2329
2264 2330
2265 2266
2265 2330
2265 2331
2266 2267
2266 2331
2266 2332
2267 2268
2267 2332
2267 2333
2268 2269
2268 2333
2268 2334
2269 2270
2269 2334
2269 2335
2270 2271
2270 2335
2270 2336
2271 2272
2271 2336
2271 2337
2272 2273
2272 2337
2272 2338
2273 2274
2273 2338
2273 2339
2274 2275
2274 2339
2274 2340
2275 2276
2275 2340
2275 2341
2276 2277
2276 2341
2276 2342
2277 2278
2277 2342
2277 2343
2278 2279
2278 2343
2278 2344
2279 2280
2279 2344
2279 2345
2280 2281
2280 2345
2280 2346
2281 2282
2281 2346
2281 2347
2282 2283
2282 2347
2282 2348
2283 2284
2283 2348
2283 2349
2284 2285
2284 2349
2284 2350
2285 2286
2285 2350
2285 2351
2286 2287
2286 2351
2286 2352
2287 2288
2287 2352
2287 2353
2288 2289
2288 2353
2288 2354
2289 2290
2289 2354
2289 2355
2290 2291
2290 2355
2290 2356
2291 2356
2292 2293
2292 2357
2292 2358
2293 2294
2293 2358
2293 2359
2294 2295
2294 2359
2294 2360
2295 2296
2295 2360
2295 2361
2296 2297
2296 2361
2296 2362
2297 2298
2297 2362
2297 2363
2298 2299
2298 2363
2298 2364
2299 2300
2299 2364
2299 2365
2300 2301
2300 2365
2300 2366
2301 2302
2301 2366
2301 2367
2302 2303
2302 2367
2302 2368
2303 2304
2303 2368
2303 2369
2304 2305
2304 2369
2304 2370
2305 2306
2305 2370
2305 2371
2306 2307
2306 2371
2306 2372
2307 2308
2307 2372
2307 2373
2308 2309
2308 2373
2308 2374
2309 2310
2309 2374
2309 2375
2310 2311
2310 2375
2310 2376
2311 2312
2311 2376
2311 2377
2312 2313
2312 2377
2312 2378
2313 2314
2313 2378
2313 2379
2314 2315
2314 2379
2314 2380
2315 2316
2315 2380
2315 2381
2316 2317
2316 2381
2316 2382
2317 2318
2317 2382
2317 2383
2318 2319
2318 2383
2318 2384
2319 2320
2319 2384
2319 2385
2320 2321
2320 2385
2320 2386
2321 2322
2321 2386
2321 2387
2322 2323
2322 2387
2322 2388
2323 2324
2323 2388
2323 2389
2324 2325
2324 2389
2324 2390
2325 2326
2325 2390
2325 2391
2326 2327
2326 2391
2326 2392
2327 2328
2327 2392
2327 2393
2328 2329
2328 2393
2328 2394
2329 2330
2329 2394
2329 2395
2330 2331
2330 2395
2330 2396
2331 2332
2331 2396
2331 2397
2332 2333
2332 2397
2332 2398
2333 2334
2333 2398
2333 2399
2334 2335
2334 2399
2334 2400
2335 2336
2335 2400
2335 2401
2336 2337
2336 2401
2336 2402
2337 2338
2337 2402
2337 2403
2338 2339
2338 2403
2338 2404
2339 2340
2339 2404
2339 2405
2340 2341
2340 2405
2340 2406
2341 2342
2341 2406
2341 2407
2342 2343
2342 2407
2342 2408
2343 2344
2343 2408
2343 2409
2344 2345
2344 2409
2344 2410
2345 2346
2345 2410
2345 2411
2346 2347
2346 2411
2346 2412
2347 2348
2347 2412
2347 2413
2348 2349
2348 2413
2348 2414
2349 2350
2349 2414
2349 2415
2350 2351
2350 2415
2350 2416
2351 2352
2351 2416
2351 2417
2352 2353
2352 2417
2352 2418
2353 2354
2353 2418
2353 2419
2354 2355
2354 2419
2354 2420
2355 2356
2355 2420
2355 2421
2356 2421
2357 2358
2357 2422
2357 2423
2358 2359
2358 2423
2358 2424
2359 2360
2359 2424
2359 2425
2360 2361
2360 2425
2360 2426
2361 2362
2361 2426
2361 2427
2362 2363
2362 2427
2362 2428
2363 2364
2363 2428
2363 2429
2364 2365
2364 2429
2364 2430
2365 2366
2365 2430
2365 2431
2366 2367
2366 2431
2366 2432
2367 2368
2367 2432
2367 2433
2368 2369
2368 2433
2368 2434
2369 2370
2369 2434
2369 2435
2370 2371
2370 2435
2370 2436
2371 2372
2371 2436
2371 2437
2372 2373
2372 2437
2372 2438
2373 2374
2373 2438
2373 2439
2374 2375
2374 2439
2374 2440
2375 2376
2375 2440
2375 2441
2376 2377
2376 2441
2376 2442
2377 2378
2377 2442
2377 2443
2378 2379
2378 2443
2378 2444
2379 2380
2379 2444
2379 2445
2380 2381
2380 2445
2380 2446
2381 2382
2381 2446
2381 2447
2382 2383
2382 2447
2382 2448
2383 2384
2383 2448
2383 2449
2384 2385
2384 2449
2384 2450
2385 2386
2385 2450
2385 2451
2386 2387
2386 2451
2386 2452
2387 2388
2387 2452
2387 2453
2388 2389
2388 2453
2388 2454
2389 2390
2389 2454
2389 2455
2390 2391
2390 2455
2390 2456
2391 2392
2391 2456
2391 2457
2392 2393
2392 2457
2392 2458
2393 2394
2393 2458
2393 2459
2394 2395
2394 2459
2394 2460
2395 2396
2395 2460
2395 2461
2396 2397
2396 2461
2396 2462
2397 2398
2397 2462
2397 2463
2398 2399
2398 2463
2398 2464
2399 2400
2399 2464
2399 2465
2400 2401
2400 2465
2400 2466
2401 2402
2401 2466
2401 2467
2402 2403
2402 2467
2402 2468
2403 2404
2403 2468
2403 2469
2404 2405
2404 2469
2404 2470
2405 2406
2405 2470
2405 2471
2406 2407
2406 2471
2406 2472
2407 2408
2407 2472
2407 2473
2408 2409
2408 2473
2408 2474
2409 2410
2409 2474
2409 2475
2410 2411
2410 2475
2410 2476
2411 2412
2411 2476
2411 2477
2412 2413
2412 2477
2412 2478
2413 2414
2413 2478
2413 2479
2414 2415
2414 2479
2414 2480
2415 2416
2415 2480
2415 2481
2416 2417
2416 2481
2416 2482
2417 2418
2417 2482
2417 2483
2418 2419
2418 2483
2418 2484
2419 2420
2419 2484
2419 2485
2420 2421
2420 2485
2420 2486
2421 2486
2422 2423
2422 2487
2422 2488
2423 2424
2423 2488
2423 2489
2424 2425
2424 2489
2424 2490
2425 2426
2425 2490
2425 2491
2426 2427
2426 2491
2426 2492
2427 2428
2427 2492
2427 2493
2428 2429
2428 2493
2428 2494
2429 2430
2429 2494
2429 2495
2430 2431
2430 2495
2430 2496
2431 2432
2431 2496
2431 2497
2432 2433
2432 2497
2432 2498
2433 2434
2433 2498
2433 2499
2434 2435
2434 2499
2434 2500
2435 2436
2435 2500
2435 2501
2436 2437
2436 2501
2436 2502
2437 2438
2437 2502
2437 2503
2438 2439
2438 2503
2438 2504
2439 2440
2439 2504
2439 2505
2440 2441
2440 2505
2440 2506
2441 2442
2441 2506
2441 2507
2442 2443
2442 2507
2442 2508
2443 2444
2443 2508
2443 2509
2444 2445
2444 2509
2444 2510
2445 2446
2445 2510
2445 2511
2446 2447
2446 2511
2446 2512
2447 2448
2447 2512
2447 2513
2448 2449
2448 2513
2448 2514
2449 2450
2449 2514
2449 2515
2450 2451
2450 2515
2450 2516
2451 2452
2451 2516
2451 2517
2452 2453
2452 2517
2452 2518
2453 2454
2453 2518
2453 2519
2454 2455
2454 2519
2454 2520
2455 2456
2455 2520
2455 2521
2456 2457
2456 2521
2456 2522
2457 2458
2457 2522
2457 2523
2458 2459
2458 2523
2458 2524
2459 2460
2459 2524
2459 2525
2460 2461
2460 2525
2460 2526
2461 2462
2461 2526
2461 2527
2462 2463
2462 2527
2462 2528
2463 2464
2463 2528
2463 2529
2464 2465
2464 2529
2464 2530
2465 2466
2465 2530
2465 2531
2466 2467
2466 2531
2466 2532
2467 2468
2467 2532
2467 2533
2468 2469
2468 2533
2468 2534
2469 2470
2469 2534
2469 2535
2470 2471
2470 2535
2470 2536
2471 2472
2471 2536
2471 2537
2472 2473
2472 2537
2472 2538
2473 2474
2473 2538
2473 2539
2474 2475
2474 2539
2474 2540
2475 2476
2475 2540
2475 2541
2476 2477
2476 2541
2476 2542
2477 2478
2477 2542
2477 2543
2478 2479
2478 2543
2478 2544
2479 2480
2479 2544
2479 2545
2480 2481
2480 2545
2480 2546
2481 2482
2481 2546
2481 2547
2482 2483
2482 2547
2482 2548
2483 2484
2483 2548
2483 2549
2484 2485
2484 2549
2484 2550
2485 2486
2485 2550
2485 2551
2486 2551
2487 2488
2487 2552
2487 2553
2488 2489
2488 2553
2488 2554
2489 2490
2489 2554
2489 2555
2490 2491
2490 2555
2490 2556
2491 2492
2491 2556
2491 2557
2492 2493
2492 2557
2492 2558
2493 2494
2493 2558
2493 2559
2494 2495
2494 2559
2494 2560
2495 2496
2495 2560
2495 2561
2496 2497
2496 2561
2496 2562
2497 2498
2497 2562
2497 2563
2498 2499
2498 2563
2498 2564
2499 2500
2499 2564
2499 2565
2500 2501
2500 2565
2500 2566
2501 2502
2501 2566
2501 2567
2502 2503
2502 2567
2502 2568
2503 2504
2503 2568
2503 2569
2504 2505
2504 2569
2504 2570
2505 2506
2505 2570
2505 2571
2506 2507
2506 2571
2506 2572
2507 2508
2507 2572
2507 2573
2508 2509
2508 2573
2508 2574
2509 2510
2509 2574
2509 2575
2510 2511
2510 2575
2510 2576
2511 2512
2511 2576
2511 2577
2512 2513
2512 2577
2512 2578
2513 2514
2513 2578
2513 2579
2514 2515
2514 2579
2514 2580
2515 2516
2515 2580
2515 2581
2516 2517
2516 2581
2516 2582
2517 2518
2517 2582
2517 2583
2518 2519
2518 2583
2518 2584
2519 2520
2519 2584
2519 2585
2520 2521
2520 2585
2520 2586
2521 2522
2521 2586
2521 2587
2522 2523
2522 2587
2522 2588
2523 2524
2523 2588
2523 2589
2524 2525
2524 2589
2524 2590
2525 2526
2525 2590
2525 2591
2526 2527
2526 2591
2526 2592
2527 2528
2527 2592
2527 2593
2528 2529
2528 2593
2528 2594
2529 2530
2529 2594
2529 2595
2530 2531
2530 2595
2530 2596
2531 2532
2531 2596
2531 2597
2532 2533
2532 2597
2532 2598
2533 2534
2533 2598
2533 2599
2534 2535
2534 2599
2534 2600
2535 2536
2535 2600
2535 2601
2536 2537
2536 2601
2536 2602
2537 2538
2537 2602
2537 2603
2538 2539
2538 2603
2538 2604
2539 2540
2539 2604
2539 2605
2540 2541
2540 2605
2540 2606
2541 2542
2541 2606
2541 2607
2542 2543
2542 2607
2542 2608
2543 2544
2543 2608
2543 2609
2544 2545
2544 2609
2544 2610
2545 2546
2545 2610
2545 2611
2546 2547
2546 2611
2546 2612
2547 2548
2547 2612
2547 2613
2548 2549
2548 2613
2548 2614
2549 2550
2549 2614
2549 2615
2550 2551
2550 2615
2550 2616
2551 2616
2552 2553
2552 2617
2552 2618
2553 2554
2553 2618
2553 2619
2554 2555
2554 2619
2554 2620
2555 2556
2555 2620
2555 2621
2556 2557
2556 2621
2556 2622
2557 2558
2557 2622
2557 2623
2558 2559
2558 2623
2558 2624
2559 2560
2559 2624
2559 2625
2560 2561
2560 2625
2560 2626
2561 2562
2561 2626
2561 2627
2562 2563
2562 2627
2562 2628
2563 2564
2563 2628
2563 2629
2564 2565
2564 2629
2564 2630
2565 2566
2565 2630
2565 2631
2566 2567
2566 2631
2566 2632
2567 2568
2567 2632
2567 2633
2568 2569
2568 2633
2568 2634
2569 2570
2569 2634
2569 2635
2570 2571
2570 2635
2570 2636
2571 2572
2571 2636
2571 2637
2572 2573
2572 2637
2572 2638
2573 2574
2573 2638
2573 2639
2574 2575
2574 2639
2574 2640
2575 2576
2575 2640
2575 2641
2576 2577
2576 2641
2576 2642
2577 2578
2577 2642
2577 2643
2578 2579
2578 2643
2578 2644
2579 2580
2579 2644
2579 2645
2580 2581
2580 2645
2580 2646
2581 2582
2581 2646
2581 2647
2582 2583
2582 2647
2582 2648
2583 2584
2583 2648
2583 2649
2584 2585
2584 2649
2584 2650
2585 2586
2585 2650
2585 2651
2586 2587
2586 2651
2586 2652
2587 2588
2587 2652
2587 2653
2588 2589
2588 2653
2588 2654
2589 2590
2589 2654
2589 2655
2590 2591
2590 2655
2590 2656
2591 2592
2591 2656
2591 2657
2592 2593
2592 2657
2592 2658
2593 2594
2593 2658
2593 2659
2594 2595
2594 2659
2594 2660
2595 2596
2595 2660
2595 2661
2596 2597
2596 2661
2596 2662
2597 2598
2597 2662
2597 2663
2598 2599
2598 2663
2598 2664
2599 2600
2599 2664
2599 2665
2600 2601
2600 2665
2600 2666
2601 2602
2601 2666
2601 2667
2602 2603
2602 2667
2602 2668
2603 2604
2603 2668
2603 2669
2604 2605
2604 2669
2604 2670
2605 2606
2605 2670
2605 2671
2606 2607
2606 2671
2606 2672
2607 2608
2607 2672
2607 2673
2608 2609
2608 2673
2608 2674
2609 2610
2609 2674
2609 2675
2610 2611
2610 2675
2610 2676
2611 2612
2611 2676
2611 2677
2612 2613
2612 2677
2612 2678
2613 2614
2613 2678
2613 2679
2614 2615
2614 2679
2614 2680
2615 2616
2615 2680
2615 2681
2616 2681
2617 2618
2617 2682
2617 2683
2618 2619
2618 2683
2618 2684
2619 2620
2619 2684
2619 2685
2620 2621
2620 2685
2620 2686
2621 2622
2621 2686
2621 2687
2622 2623
2622 2687
2622 2688
2623 2624
2623 2688
2623 2689
2624 2625
2624 2689
2624 2690
2625 2626
2625 2690
2625 2691
2626 2627
2626 2691
2626 2692
2627 2628
2627 2692
2627 2693
2628 2629
2628 2693
2628 2694
2629 2630
2629 2694
2629 2695
2630 2631
2630 2695
2630 2696
2631 2632
2631 2696
2631 2697
2632 2633
2632 2697
2632 2698
2633 2634
2633 2698
2633 2699
2634 2635
2634 2699
2634 2700
2635 2636
2635 2700
2635 2701
2636 2637
2636 2701
2636 2702
2637 2638
2637 2702
2637 2703
2638 2639
2638 2703
2638 2704
2639 2640
2639 2704
2639 2705
2640 2641
2640 2705
2640 2706
2641 2642
2641 2706
2641 2707
2642 2643
2642 2707
2642 2708
2643 2644
2643 2708
2643 2709
2644 2645
2644 2709
2644 2710
2645 2646
2645 2710
2645 2711
2646 2647
2646 2711
2646 2712
2647 2648
2647 2712
2647 2713
2648 2649
2648 2713
2648 2714
2649 2650
2649 2714
2649 2715
2650 2651
2650 2715
2650 2716
2651 2652
2651 2716
2651 2717
2652 2653
2652 2717
2652 2718
2653 2654
2653 2718
2653 2719
2654 2655
2654 2719
2654 2720
2655 2656
2655 2720
2655 2721
2656 2657
2656 2721
2656 2722
2657 2658
2657 2722
2657 2723
2658 2659
2658 2723
2658 2724
2659 2660
2659 2724
2659 2725
2660 2661
2660 2725
2660 2726
2661 2662
2661 2726
2661 2727
2662 2663
2662 2727
2662 2728
2663 2664
2663 2728
2663 2729
2664 2665
2664 2729
2664 2730
2665 2666
2665 2730
2665 2731
2666 2667
2666 2731
2666 2732
2667 2668
2667 2732
2667 2733
2668 2669
2668 2733
2668 2734
2669 2670
2669 2734
2669 2735
2670 2671
2670 2735
2670 2736
2671 2672
2671 2736
2671 2737
2672 2673
2672 2737
2672 2738
2673 2674
2673 2738
2673 2739
2674 2675
2674 2739
2674 2740
2675 2676
2675 2740
2675 2741
2676 2677
2676 2741
2676 2742
2677 2678
2677 2742
2677 2743
2678 2679
2678 2743
2678 2744
2679 2680
2679 2744
2679 2745
2680 2681
2680 2745
2680 2746
2681 2746
2682 2683
2682 2747
2682 2748
2683 2684
2683 2748
2683 2749
2684 2685
2684 2749
2684 2750
2685 2686
2685 2750
2685 2751
2686 2687
2686 2751
2686 2752
2687 2688
2687 2752
2687 2753
2688 2689
2688 2753
2688 2754
2689 2690
2689 2754
2689 2755
2690 2691
2690 2755
2690 2756
2691 2692
2691 2756
2691 2757
2692 2693
2692 2757
2692 2758
2693 2694
2693 2758
2693 2759
2694 2695
2694 2759
2694 2760
2695 2696
2695 2760
2695 2761
2696 2697
2696 2761
2696 2762
2697 2698
2697 2762
2697 2763
2698 2699
2698 2763
2698 2764
2699 2700
2699 2764
2699 2765
2700 2701
2700 2765
2700 2766
2701 2702
2701 2766
2701 2767
2702 2703
2702 2767
2702 2768
2703 2704
2703 2768
2703 2769
2704 2705
2704 2769
2704 2770
2705 2706
2705 2770
2705 2771
2706 2707
2706 2771
2706 2772
2707 2708
2707 2772
2707 2773
2708 2709
2708 2773
2708 2774
2709 2710
2709 2774
2709 2775
2710 2711
2710 2775
2710 2776
2711 2712
2711 2776
2711 2777
2712 2713
2712 2777
2712 2778
2713 2714
2713 2778
2713 2779
2714 2715
2714 2779
2714 2780
2715 2716
2715 2780
2715 2781
2716 2717
2716 2781
2716 2782
2717 2718
2717 2782
2717 2783
2718 2719
2718 2783
2718 2784
2719 2720
2719 2784
2719 2785
2720 2721
2720 2785
2720 2786
2721 2722
2721 2786
2721 2787
2722 2723
2722 2787
2722 2788
2723 2724
2723 2788
2723 2789
2724 2725
2724 2789
2724 2790
2725 2726
2725 2790
2725 2791
2726 2727
2726 2791
2726 2792
2727 2728
2727 2792
2727 2793
2728 2729
2728 2793
2728 2794
2729 2730
2729 2794
2729 2795
2730 2731
2730 2795
2730 2796
2731 2732
2731 2796
2731 2797
2732 2733
2732 2797
2732 2798
2733 2734
2733 2798
2733 2799
2734 2735
2734 2799
2734 2800
2735 2736
2735 2800
2735 2801
2736 2737
2736 2801
2736 2802
2737 2738
2737 2802
2737 2803
2738 2739
2738 2803
2738 2804
2739 2740
2739 2804
2739 2805
2740 2741
2740 2805
2740 2806
2741 2742
2741 2806
2741 2807
2742 2743
2742 2807
2742 2808
2743 2744
2743 2808
2743 2809
2744 2745
2744 2809
2744 2810
2745 2746
2745 2810
2745 2811
2746 2811
2747 2748
2747 2812
2747 2813
2748 2749
2748 2813
2748 2814
2749 2750
2749 2814
2749 2815
2750 2751
2750 2815
2750 2816
2751 2752
2751 2816
2751 2817
2752 2753
2752 2817
2752 2818
2753 2754
2753 2818
2753 2819
2754 2755
2754 2819
2754 2820
2755 2756
2755 2820
2755 2821
2756 2757
2756 2821
2756 2822
2757 2758
2757 2822
2757 2823
2758 2759
2758 2823
2758 2824
2759 2760
2759 2824
2759 2825
2760 2761
2760 2825
2760 2826
2761 2762
2761 2826
2761 2827
2762 2763
2762 2827
2762 2828
2763 2764
2763 2828
2763 2829
2764 2765
2764 2829
2764 2830
2765 2766
2765 2830
2765 2831
2766 2767
2766 2831
2766 2832
2767 2768
2767 2832
2767 2833
2768 2769
2768 2833
2768 2834
2769 2770
2769 2834
2769 2835
2770 2771
2770 2835
2770 2836
2771 2772
2771 2836
2771 2837
2772 2773
2772 2837
2772 2838
2773 2774
2773 2838
2773 2839
2774 2775
2774 2839
2774 2840
2775 2776
2775 2840
2775 2841
2776 2777
2776 2841
2776 2842
2777 2778
2777 2842
2777 2843
2778 2779
2778 2843
2778 2844
2779 2780
2779 2844
2779 2845
2780 2781
2780 2845
2780 2846
2781 2782
2781 2846
2781 2847
2782 2783
2782 2847
2782 2848
2783 2784
2783 2848
2783 2849
2784 2785
2784 2849
2784 2850
2785 2786
2785 2850
2785 2851
2786 2787
2786 2851
2786 2852
2787 2788
2787 2852
2787 2853
2788 2789
2788 2853
2788 2854
2789 2790
2789 2854
2789 2855
2790 2791
2790 2855
2790 2856
2791 2792
2791 2856
2791 2857
2792 2793
2792 2857
2792 2858
2793 2794
2793 2858
2793 2859
2794 2795
2794 2859
2794 2860
2795 2796
2795 2860
2795 2861
2796 2797
2796 2861
2796 2862
2797 2798
2797 2862
2797 2863
2798 2799
2798 2863
2798 2864
2799 2800
2799 2864
2799 2865
2800 2801
2800 2865
2800 2866
2801 2802
2801 2866
2801 2867
2802 2803
2802 2867
2802 2868
2803 2804
2803 2868
2803 2869
2804 2805
2804 2869
2804 2870
2805 2806
2805 2870
2805 2871
2806 2807
2806 2871
2806 2872
2807 2808
2807 2872
2807 2873
2808 2809
2808 2873
2808 2874
2809 2810
2809 2874
2809 2875
2810 2811
2810 2875
2810 2876
2811 2876
2812 2813
2812 2877
2812 2878
2813 2814
2813 2878
2813 2879
2814 2815
2814 2879
2814 2880
2815 2816
2815 2880
2815 2881
2816 2817
2816 2881
2816 2882
2817 2818
2817 2882
2817 2883
2818 2819
2818 2883
2818 2884
2819 2820
2819 2884
2819 2885
2820 2821
2820 2885
2820 2886
2821 2822
2821 2886
2821 2887
2822 2823
2822 2887
2822 2888
2823 2824
2823 2888
2823 2889
2824 2825
2824 2889
2824 2890
2825 2826
2825 2890
2825 2891
2826 2827
2826 2891
2826 2892
2827 2828
2827 2892
2827 2893
2828 2829
2828 2893
2828 2894
2829 2830
2829 2894
2829 2895
2830 2831
2830 2895
2830 2896
2831 2832
2831 2896
2831 2897
2832 2833
2832 2897
2832 2898
2833 2834
2833 2898
2833 2899
2834 2835
2834 2899
2834 2900
2835 2836
2835 2900
2835 2901
2836 2837
2836 2901
2836 2902
2837 2838
2837 2902
2837 2903
2838 2839
2838 2903
2838 2904
2839 2840
2839 2904
2839 2905
2840 2841
2840 2905
2840 2906
2841 2842
2841 2906
2841 2907
2842 2843
2842 2907
2842 2908
2843 2844
2843 2908
2843 2909
2844 2845
2844 2909
2844 2910
2845 2846
2845 2910
2845 2911
2846 2847
2846 2911
2846 2912
2847 2848
2847 2912
2847 2913
2848 2849
2848 2913
2848 2914
2849 2850
2849 2914
2849 2915
2850 2851
2850 2915
2850 2916
2851 2852
2851 2916
2851 2917
2852 2853
2852 2917
2852 2918
2853 2854
2853 2918
2853 2919
2854 2855
2854 2919
2854 2920
2855 2856
2855 2920
2855 2921
2856 2857
2856 2921
2856 2922
2857 2858
2857 2922
2857 2923
2858 2859
2858 2923
2858 2924
2859 2860
2859 2924
2859 2925
2860 2861
2860 2925
2860 2926
2861 2862
2861 2926
2861 2927
2862 2863
2862 2927
2862 2928
2863 2864
2863 2928
2863 2929
2864 2865
2864 2929
2864 2930
2865 2866
2865 2930
2865 2931
2866 2867
2866 2931
2866 2932
2867 2868
2867 2932
2867 2933
2868 2869
2868 2933
2868 2934
2869 2870
2869 2934
2869 2935
2870 2871
2870 2935
2870 2936
2871 2872
2871 2936
2871 2937
2872 2873
2872 2937
2872 2938
2873 2874
2873 2938
2873 2939
2874 2875
2874 2939
2874 2940
2875 2876
2875 2940
2875 2941
2876 2941
2877 2878
2877 2942
2877 2943
2878 2879
2878 2943
2878 2944
2879 2880
2879 2944
2879 2945
2880 2881
2880 2945
2880 2946
2881 2882
2881 2946
2881 2947
2882 2883
2882 2947
2882 2948
2883 2884
2883 2948
2883 2949
2884 2885
2884 2949
2884 2950
2885 2886
2885 2950
2885 2951
2886 2887
2886 2951
2886 2952
2887 2888
2887 2952
2887 2953
2888 2889
2888 2953
2888 2954
2889 2890
2889 2954
2889 2955
2890 2891
2890 2955
2890 2956
2891 2892
2891 2956
2891 2957
2892 2893
2892 2957
2892 2958
2893 2894
2893 2958
2893 2959
2894 2895
2894 2959
2894 2960
2895 2896
2895 2960
2895 2961
2896 2897
2896 2961
2896 2962
2897 2898
2897 2962
2897 2963
2898 2899
2898 2963
2898 2964
2899 2900
2899 2964
2899 2965
2900 2901
2900 2965
2900 2966
2901 2902
2901 2966
2901 2967
2902 2903
2902 2967
2902 2968
2903 2904
2903 2968
2903 2969
2904 2905
2904 2969
2904 2970
2905 2906
2905 2970
2905 2971
2906 2907
2906 2971
2906 2972
2907 2908
2907 2972
2907 2973
2908 2909
2908 2973
2908 2974
2909 2910
2909 2974
2909 2975
2910 2911
2910 2975
2910 2976
2911 2912
2911 2976
2911 2977
2912 2913
2912 2977
2912 2978
2913 2914
2913 2978
2913 2979
2914 2915
2914 2979
2914 2980
2915 2916
2915 2980
2915 2981
2916 2917
2916 2981
2916 2982
2917 2918
2917 2982
2917 2983
2918 2919
2918 2983
2918 2984
2919 2920
2919 2984
2919 2985
2920 2921
2920 2985
2920 2986
2921 2922
2921 2986
2921 2987
2922 2923
2922 2987
2922 2988
2923 2924
2923 2988
2923 2989
2924 2925
2924 2989
2924 2990
2925 2926
2925 2990
2925 2991
2926 2927
2926 2991
2926 2992
2927 2928
2927 2992
2927 2993
2928 2929
2928 2993
2928 2994
2929 2930
2929 2994
2929 2995
2930 2931
2930 2995
2930 2996
2931 2932
2931 2996
2931 2997
2932 2933
2932 2997
2932 2998
2933 2934
2933 2998
2933 2999
2934 2935
2934 2999
2934 3000
2935 2936
2935 3000
2935 3001
2936 2937
2936 3001
2936 3002
2937 2938
2937 3002
2937 3003
2938 2939
2938 3003
2938 3004
2939 2940
2939 3004
2939 3005
2940 2941
2940 3005
2940 3006
2941 3006
2942 2943
2942 3007
2942 3008
2943 2944
2943 3008
2943 3009
2944 2945
2944 3009
2944 3010
2945 2946
2945 3010
2945 3011
2946 2947
2946 3011
2946 3012
2947 2948
2947 3012
2947 3013
2948 2949
2948 3013
2948 3014
2949 2950
2949 3014
2949 3015
2950 2951
2950 3015
2950 3016
2951 2952
2951 3016
2951 3017
2952 2953
2952 3017
2952 3018
2953 2954
2953 3018
2953 3019
2954 2955
2954 3019
2954 3020
2955 2956
2955 3020
2955 3021
2956 2957
2956 3021
2956 3022
2957 2958
2957 3022
2957 3023
2958 2959
2958 3023
2958 3024
2959 2960
2959 3024
2959 3025
2960 2961
2960 3025
2960 3026
2961 2962
2961 3026
2961 3027
2962 2963
2962 3027
2962 3028
2963 2964
2963 3028
2963 3029
2964 2965
2964 3029
2964 3030
2965 2966
2965 3030
2965 3031
2966 2967
2966 3031
2966 3032
2967 2968
2967 3032
2967 3033
2968 2969
2968 3033
2968 3034
2969 2970
2969 3034
2969 3035
2970 2971
2970 3035
2970 3036
2971 2972
2971 3036
2971 3037
2972 2973
2972 3037
2972 3038
2973 2974
2973 3038
2973 3039
2974 2975
2974 3039
2974 3040
2975 2976
2975 3040
2975 3041
2976 2977
2976 3041
2976 3042
2977 2978
2977 3042
2977 3043
2978 2979
2978 3043
2978 3044
2979 2980
2979 3044
2979 3045
2980 2981
2980 3045
2980 3046
2981 2982
2981 3046
2981 3047
2982 2983
2982 3047
2982 3048
2983 2984
2983 3048
2983 3049
2984 2985
2984 3049
2984 3050
2985 2986
2985 3050
2985 3051
2986 2987
2986 3051
2986 3052
2987 2988
2987 3052
2987 3053
2988 2989
2988 3053
2988 3054
2989 2990
2989 3054
2989 3055
2990 2991
2990 3055
2990 3056
2991 2992
2991 3056
2991 3057
2992 2993
2992 3057
2992 3058
2993 2994
2993 3058
2993 3059
2994 2995
2994 3059
2994 3060
2995 2996
2995 3060
2995 3061
2996 2997
2996 3061
2996 3062
2997 2998
2997 3062
2997 3063
2998 2999
2998 3063
2998 3064
2999 3000
2999 3064
2999 3065
3000 3001
3000 3065
3000 3066
3001 3002
3001 3066
3001 3067
3002 3003
3002 3067
3002 3068
3003 3004
3003 3068
3003 3069
3004 3005
3004 3069
3004 3070
3005 3006
3005 3070
3005 3071
3006 3071
3007 3008
3007 3072
3007 3073
3008 3009
3008 3073
3008 3074
3009 3010
3009 3074
3009 3075
3010 3011
3010 3075
3010 3076
3011 3012
3011 3076
3011 3077
3012 3013
3012 3077
3012 3078
3013 3014
3013 3078
3013 3079
3014 3015
3014 3079
3014 3080
3015 3016
3015 3080
3015 3081
3016 3017
3016 3081
3016 3082
3017 3018
3017 3082
3017 3083
3018 3019
3018 3083
3018 3084
3019 3020
3019 3084
3019 3085
3020 3021
3020 3085
3020 3086
3021 3022
3021 3086
3021 3087
3022 3023
3022 3087
3022 3088
3023 3024
3023 3088
3023 3089
3024 3025
3024 3089
3024 3090
3025 3026
3025 3090
3025 3091
3026 3027
3026 3091
3026 3092
3027 3028
3027 3092
3027 3093
3028 3029
3028 3093
3028 3094
3029 3030
3029 3094
3029 3095
3030 3031
3030 3095
3030 3096
3031 3032
3031 3096
3031 3097
3032 3033
3032 3097
3032 3098
3033 3034
3033 3098
3033 3099
3034 3035
3034 3099
3034 3100
3035 3036
3035 3100
3035 3101
3036 3037
3036 3101
3036 3102
3037 3038
3037 3102
3037 3103
3038 3039
3038 3103
3038 3104
3039 3040
3039 3104
3039 3105
3040 3041
3040 3105
3040 3106
3041 3042
3041 3106
3041 3107
3042 3043
3042 3107
3042 3108
3043 3044
3043 3108
3043 3109
3044 3045
3044 3109
3044 3110
3045 3046
3045 3110
3045 3111
3046 3047
3046 3111
3046 3112
3047 3048
3047 3112
3047 3113
3048 3049
3048 3113
3048 3114
3049 3050
3049 3114
3049 3115
3050 3051
3050 3115
3050 3116
3051 3052
3051 3116
3051 3117
3052 3053
3052 3117
3052 3118
3053 3054
3053 3118
3053 3119
3054 3055
3054 3119
3054 3120
3055 3056
3055 3120
3055 3121
3056 3057
3056 3121
3056 3122
3057 3058
3057 3122
3057 3123
3058 3059
3058 3123
3058 3124
3059 3060
3059 3124
3059 3125
3060 3061
3060 3125
3060 3126
3061 3062
3061 3126
3061 3127
3062 3063
3062 3127
3062 3128
3063 3064
3063 3128
3063 3129
3064 3065
3064 3129
3064 3130
3065 3066
3065 3130
3065 3131
3066 3067
3066 3131
3066 3132
3067 3068
3067 3132
3067 3133
3068 3069
3068 3133
3068 3134
3069 3070
3069 3134
3069 3135
3070 3071
3070 3135
3070 3136
3071 3136
3072 3073
3072 3137
3072 3138
3073 3074
3073 3138
3073 3139
3074 3075
3074 3139
3074 3140
3075 3076
3075 3140
3075 3141
3076 3077
3076 3141
3076 3142
3077 3078
3077 3142
3077 3143
3078 3079
3078 3143
3078 3144
3079 3080
3079 3144
3079 3145
3080 3081
3080 3145
3080 3146
3081 3082
3081 3146
3081 3147
3082 3083
3082 3147
3082 3148
3083 3084
3083 3148
3083 3149
3084 3085
3084 3149
3084 3150
3085 3086
3085 3150
3085 3151
3086 3087
3086 3151
3086 3152
3087 3088
3087 3152
3087 3153
3088 3089
3088 3153
3088 3154
3089 3090
3089 3154
3089 3155
3090 3091
3090 3155
3090 3156
3091 3092
3091 3156
3091 3157
3092 3093
3092 3157
3092 3158
3093 3094
3093 3158
3093 3159
3094 3095
3094 3159
3094 3160
3095 3096
3095 3160
3095 3161
3096 3097
3096 3161
3096 3162
3097 3098
3097 3162
3097 3163
3098 3099
3098 3163
3098 3164
3099 3100
3099 3164
3099 3165
3100 3101
3100 3165
3100 3166
3101 3102
3101 3166
3101 3167
3102 3103
3102 3167
3102 3168
3103 3104
3103 3168
3103 3169
3104 3105
3104 3169
3104 3170
3105 3106
3105 3170
3105 3171
3106 3107
3106 3171
3106 3172
3107 3108
3107 3172
3107 3173
3108 3109
3108 3173
3108 3174
3109 3110
3109 3174
3109 3175
3110 3111
3110 3175
3110 3176
3111 3112
3111 3176
3111 3177
3112 3113
3112 3177
3112 3178
3113 3114
3113 3178
3113 3179
3114 3115
3114 3179
3114 3180
3115 3116
3115 3180
3115 3181
3116 3117
3116 3181
3116 3182
3117 3118
3117 3182
3117 3183
3118 3119
3118 3183
3118 3184
3119 3120
3119 3184
3119 3185
3120 3121
3120 3185
3120 3186
3121 3122
3121 3186
3121 3187
3122 3123
3122 3187
3122 3188
3123 3124
3123 3188
3123 3189
3124 3125
3124 3189
3124 3190
3125 3126
3125 3190
3125 3191
3126 3127
3126 3191
3126 3192
3127 3128
3127 3192
3127 3193
3128 3129
3128 3193
3128 3194
3129 3130
3129 3194
3129 3195
3130 3131
3130 3195
3130 3196
3131 3132
3131 3196
3131 3197
3132 3133
3132 3197
3132 3198
3133 3134
3133 3198
3133 3199
3134 3135
3134 3199
3134 3200
3135 3136
3135 3200
3135 3201
3136 3201
3137 3138
3138 3139
3139 3140
3140 3141
3141 3142
3142 3143
3143 3144
3144 3145
3145 3146
3146 3147
3147 3148
3148 3149
3149 3150
3150 3151
3151 3152
3152 3153
3153 3154
3154 3155
3155 3156
3156 3157
3157 3158
3158 3159
3159 3160
3160 3161
3161 3162
3162 3163
3163 3164
3164 3165
3165 3166
3166 3167
3167 3168
3168 3169
3169 3170
3170 3171
3171 3172
3172 3173
3173 3174
3174 3175
3175 3176
3176 3177
3177 3178
3178 3179
3179 3180
3180 3181
3181 3182
3182 3183
3183 3184
3184 3185
3185 3186
3186 3187
3187 3188
3188 3189
3189 3190
3190 3191
3191 3192
3192 3193
3193 3194
3194 3195
3195 3196
3196 3197
3197 3198
3198 3199
3199 3200
3200 3201
