1 2 35
1 35 34
2 3 36
2 36 35
3 4 37
3 37 36
4 5 38
4 38 37
5 6 39
5 39 38
6 7 40
6 40 39
7 8 41
7 41 40
8 9 42
8 42 41
9 10 43
9 43 42
10 11 44
10 44 43
11 12 45
11 45 44
12 13 46
12 46 45
13 14 47
13 47 46
14 15 48
14 48 47
15 16 49
15 49 48
16 17 50
16 50 49
17 18 51
17 51 50
18 19 52
18 52 51
19 20 53
19 53 52
20 21 54
20 54 53
21 22 55
21 55 54
22 23 56
22 56 55
23 24 57
23 57 56
24 25 58
24 58 57
25 26 59
25 59 58
26 27 60
26 60 59
27 28 61
27 61 60
28 29 62
28 62 61
29 30 63
29 63 62
30 31 64
30 64 63
31 32 65
31 65 64
32 33 66
32 66 65
34 35 68
34 68 67
35 36 69
35 69 68
36 37 70
36 70 69
37 38 71
37 71 70
38 39 72
38 72 71
39 40 73
39 73 72
40 41 74
40 74 73
41 42 75
41 75 74
42 43 76
42 76 75
43 44 77
43 77 76
44 45 78
44 78 77
45 46 79
45 79 78
46 47 80
46 80 79
47 48 81
47 81 80
48 49 82
48 82 81
49 50 83
49 83 82
50 51 84
50 84 83
51 52 85
51 85 84
52 53 86
52 86 85
53 54 87
53 87 86
54 55 88
54 88 87
55 56 89
55 89 88
56 57 90
56 90 89
57 58 91
57 91 90
58 59 92
58 92 91
59 60 93
59 93 92
60 61 94
60 94 93
61 62 95
61 95 94
62 63 96
62 96 95
63 64 97
63 97 96
64 65 98
64 98 97
65 66 99
65 99 98
67 68 101
67 101 100
68 69 102
68 102 101
69 70 103
69 103 102
70 71 104
70 104 103
71 72 105
71 105 104
72 73 106
72 106 105
73 74 107
73 107 106
74 75 108
74 108 107
75 76 109
75 109 108
76 77 110
76 110 109
77 78 111
77 111 110
78 79 112
78 112 111
79 80 113
79 113 112
80 81 114
80 114 113
81 82 115
81 115 114
82 83 116
82 116 115
83 84 117
83 117 116
84 85 118
84 118 117
85 86 119
85 119 118
86 87 120
86 120 119
87 88 121
87 121 120
88 89 122
88 122 121
89 90 123
89 123 122
90 91 124
90 124 123
91 92 125
91 125 124
92 93 126
92 126 125
93 94 127
93 127 126
94 95 128
94 128 127
95 96 129
95 129 128
96 97 130
96 130 129
97 98 131
97 131 130
98 99 132
98 132 131
100 101 134
100 134 133
101 102 135
101 135 134
102 103 136
102 136 135
103 104 137
103 137 136
104 105 138
104 138 137
105 106 139
105 139 138
106 107 140
106 140 139
107 108 141
107 141 140
108 109 142
108 142 141
109 110 143
109 143 142
110 111 144
110 144 143
111 112 145
111 145 144
112 113 146
112 146 145
113 114 147
113 147 146
114 115 148
114 148 147
115 116 149
115 149 148
116 117 150
116 150 149
117 118 151
117 151 150
118 119 152
118 152 151
119 120 153
119 153 152
120 121 154
120 154 153
121 122 155
121 155 154
122 123 156
122 156 155
123 124 157
123 157 156
124 125 158
124 158 157
125 126 159
125 159 158
126 127 160
126 160 159
127 128 161
127 161 160
128 129 162
128 162 161
129 130 163
129 163 162
130 131 164
130 164 163
131 132 165
131 165 164
133 134 167
133 167 166
134 135 168
134 168 167
135 136 169
135 169 168
136 137 170
136 170 169
137 138 171
137 171 170
138 139 172
138 172 171
139 140 173
139 173 172
140 141 174
140 174 173
141 142 175
141 175 174
142 143 176
142 176 175
143 144 177
143 177 176
144 145 178
144 178 177
145 146 179
145 179 178
146 147 180
146 180 179
147 148 181
147 181 180
148 149 182
148 182 181
149 150 183
149 183 182
150 151 184
150 184 183
151 152 185
151 185 184
152 153 186
152 186 185
153 154 187
153 187 186
154 155 188
154 188 187
155 156 189
155 189 188
156 157 190
156 190 189
157 158 191
157 191 190
158 159 192
158 192 191
159 160 193
159 193 192
160 161 194
160 194 193
161 162 195
161 195 194
162 163 196
162 196 195
163 164 197
163 197 196
164 165 198
164 198 197
166 167 200
166 200 199
167 168 201
167 201 200
168 169 202
168 202 201
169 170 203
169 203 202
170 171 204
170 204 203
171 172 205
171 205 204
172 173 206
172 206 205
173 174 207
173 207 206
174 175 208
174 208 207
175 176 209
175 209 208
176 177 210
176 210 209
177 178 211
177 211 210
178 179 212
178 212 211
179 180 213
179 213 212
180 181 214
180 214 213
181 182 215
181 215 214
182 183 216
182 216 215
183 184 217
183 217 216
184 185 218
184 218 217
185 186 219
185 219 218
186 187 220
186 220 219
187 188 221
187 221 220
188 189 222
188 222 221
189 190 223
189 223 222
190 191 224
190 224 223
191 192 225
191 225 224
192 193 226
192 226 225
193 194 227
193 227 226
194 195 228
194 228 227
195 196 229
195 229 228
196 197 230
196 230 229
197 198 231
197 231 230
199 200 233
199 233 232
200 201 234
200 234 233
201 202 235
201 235 234
202 203 236
202 236 235
203 204 237
203 237 236
204 205 238
204 238 237
205 206 239
205 239 238
206 207 240
206 240 239
207 208 241
207 241 240
208 209 242
208 242 241
209 210 243
209 243 242
210 211 244
210 244 243
211 212 245
211 245 244
212 213 246
212 246 245
213 214 247
213 247 246
214 215 248
214 248 247
215 216 249
215 249 248
216 217 250
216 250 249
217 218 251
217 251 250
218 219 252
218 252 251
219 220 253
219 253 252
220 221 254
220 254 253
221 222 255
221 255 254
222 223 256
222 256 255
223 224 257
223 257 256
224 225 258
224 258 257
225 226 259
225 259 258
226 227 260
226 260 259
227 228 261
227 261 260
228 229 262
228 262 261
229 230 263
229 263 262
230 231 264
230 264 263
232 233 266
232 266 265
233 234 267
233 267 266
234 235 268
234 268 267
235 236 269
235 269 268
236 237 270
236 270 269
237 238 271
237 271 270
238 239 272
238 272 271
239 240 273
239 273 272
240 241 274
240 274 273
241 242 275
241 275 274
242 243 276
242 276 275
243 244 277
243 277 276
244 245 278
244 278 277
245 246 279
245 279 278
246 247 280
246 280 279
247 248 281
247 281 280
248 249 282
248 282 281
249 250 283
249 283 282
250 251 284
250 284 283
251 252 285
251 285 284
252 253 286
252 286 285
253 254 287
253 287 286
254 255 288
254 288 287
255 256 289
255 289 288
256 257 290
256 290 289
257 258 291
257 291 290
258 259 292
258 292 291
259 260 293
259 293 292
260 261 294
260 294 293
261 262 295
261 295 294
262 263 296
262 296 295
263 264 297
263 297 296
265 266 299
265 299 298
266 267 300
266 300 299
267 268 301
267 301 300
268 269 302
268 302 301
269 270 303
269 303 302
270 271 304
270 304 303
271 272 305
271 305 304
272 273 306
272 306 305
273 274 307
273 307 306
274 275 308
274 308 307
275 276 309
275 309 308
276 277 310
276 310 309
277 278 311
277 311 310
278 279 312
278 312 311
279 280 313
279 313 312
280 281 314
280 314 313
281 282 315
281 315 314
282 283 316
282 316 315
283 284 317
283 317 316
284 285 318
284 318 317
285 286 319
285 319 318
286 287 320
286 320 319
287 288 321
287 321 320
288 289 322
288 322 321
289 290 323
289 323 322
290 291 324
290 324 323
291 292 325
291 325 324
292 293 326
292 326 325
293 294 327
293 327 326
294 295 328
294 328 327
295 296 329
295 329 328
296 297 330
296 330 329
298 299 332
298 332 331
299 300 333
299 333 332
300 301 334
300 334 333
301 302 335
301 335 334
302 303 336
302 336 335
303 304 337
303 337 336
304 305 338
304 338 337
305 306 339
305 339 338
306 307 340
306 340 339
307 308 341
307 341 340
308 309 342
308 342 341
309 310 343
309 343 342
310 311 344
310 344 343
311 312 345
311 345 344
312 313 346
312 346 345
313 314 347
313 347 346
314 315 348
314 348 347
315 316 349
315 349 348
316 317 350
316 350 349
317 318 351
317 351 350
318 319 352
318 352 351
319 320 353
319 353 352
320 321 354
320 354 353
321 322 355
321 355 354
322 323 356
322 356 355
323 324 357
323 357 356
324 325 358
324 358 357
325 326 359
325 359 358
326 327 360
326 360 359
327 328 361
327 361 360
328 329 362
328 362 361
329 330 363
329 363 362
331 332 365
331 365 364
332 333 366
332 366 365
333 334 367
333 367 366
334 335 368
334 368 367
335 336 369
335 369 368
336 337 370
336 370 369
337 338 371
337 371 370
338 339 372
338 372 371
339 340 373
339 373 372
340 341 374
340 374 373
341 342 375
341 375 374
342 343 376
342 376 375
343 344 377
343 377 376
344 345 378
344 378 377
345 346 379
345 379 378
346 347 380
346 380 379
347 348 381
347 381 380
348 349 382
348 382 381
349 350 383
349 383 382
350 351 384
350 384 383
351 352 385
351 385 384
352 353 386
352 386 385
353 354 387
353 387 386
354 355 388
354 388 387
355 356 389
355 389 388
356 357 390
356 390 389
357 358 391
357 391 390
358 359 392
358 392 391
359 360 393
359 393 392
360 361 394
360 394 393
361 362 395
361 395 394
362 363 396
362 396 395
364 365 398
364 398 397
365 366 399
365 399 398
366 367 400
366 400 399
367 368 401
367 401 400
368 369 402
368 402 401
369 370 403
369 403 402
370 371 404
370 404 403
371 372 405
371 405 404
372 373 406
372 406 405
373 374 407
373 407 406
374 375 408
374 408 407
375 376 409
375 409 408
376 377 410
376 410 409
377 378 411
377 411 410
378 379 412
378 412 411
379 380 413
379 413 412
380 381 414
380 414 413
381 382 415
381 415 414
382 383 416
382 416 415
383 384 417
383 417 416
384 385 418
384 418 417
385 386 419
385 419 418
386 387 420
386 420 419
387 388 421
387 421 420
388 389 422
388 422 421
389 390 423
389 423 422
390 391 424
390 424 423
391 392 425
391 425 424
392 393 426
392 426 425
393 394 427
393 427 426
394 395 428
394 428 427
395 396 429
395 429 428
397 398 431
397 431 430
398 399 432
398 432 431
399 400 433
399 433 432
400 401 434
400 434 433
401 402 435
401 435 434
402 403 436
402 436 435
403 404 437
403 437 436
404 405 438
404 438 437
405 406 439
405 439 438
406 407 440
406 440 439
407 408 441
407 441 440
408 409 442
408 442 441
409 410 443
409 443 442
410 411 444
410 444 443
411 412 445
411 445 444
412 413 446
412 446 445
413 414 447
413 447 446
414 415 448
414 448 447
415 416 449
415 449 448
416 417 450
416 450 449
417 418 451
417 451 450
418 419 452
418 452 451
419 420 453
419 453 452
420 421 454
420 454 453
421 422 455
421 455 454
422 423 456
422 456 455
423 424 457
423 457 456
424 425 458
424 458 457
425 426 459
425 459 458
426 427 460
426 460 459
427 428 461
427 461 460
428 429 462
428 462 461
430 431 464
430 464 463
431 432 465
431 465 464
432 433 466
432 466 465
433 434 467
433 467 466
434 435 468
434 468 467
435 436 469
435 469 468
436 437 470
436 470 469
437 438 471
437 471 470
438 439 472
438 472 471
439 440 473
439 473 472
440 441 474
440 474 473
441 442 475
441 475 474
442 443 476
442 476 475
443 444 477
443 477 476
444 445 478
444 478 477
445 446 479
445 479 478
446 447 480
446 480 479
447 448 481
447 481 480
448 449 482
448 482 481
449 450 483
449 483 482
450 451 484
450 484 483
451 452 485
451 485 484
452 453 486
452 486 485
453 454 487
453 487 486
454 455 488
454 488 487
455 456 489
455 489 488
456 457 490
456 490 489
457 458 491
457 491 490
458 459 492
458 492 491
459 460 493
459 493 492
460 461 494
460 494 493
461 462 495
461 495 494
463 464 497
463 497 496
464 465 498
464 498 497
465 466 499
465 499 498
466 467 500
466 500 499
467 468 501
467 501 500
468 469 502
468 502 501
469 470 503
469 503 502
470 471 504
470 504 503
471 472 505
471 505 504
472 473 506
472 506 505
473 474 507
473 507 506
474 475 508
474 508 507
475 476 509
475 509 508
476 477 510
476 510 509
477 478 511
477 511 510
478 479 512
478 512 511
479 480 513
479 513 512
480 481 514
480 514 513
481 482 515
481 515 514
482 483 516
482 516 515
483 484 517
483 517 516
484 485 518
484 518 517
485 486 519
485 519 518
486 487 520
486 520 519
487 488 521
487 521 520
488 489 522
488 522 521
489 490 523
489 523 522
490 491 524
490 524 523
491 492 525
491 525 524
492 493 526
492 526 525
493 494 527
493 527 526
494 495 528
494 528 527
496 497 530
496 530 529
497 498 531
497 531 530
498 499 532
498 532 531
499 500 533
499 533 532
500 501 534
500 534 533
501 502 535
501 535 534
502 503 536
502 536 535
503 504 537
503 537 536
504 505 538
504 538 537
505 506 539
505 539 538
506 507 540
506 540 539
507 508 541
507 541 540
508 509 542
508 542 541
509 510 543
509 543 542
510 511 544
510 544 543
511 512 545
511 545 544
512 513 546
512 546 545
513 514 547
513 547 546
514 515 548
514 548 547
515 516 549
515 549 548
516 517 550
516 550 549
517 518 551
517 551 550
518 519 552
518 552 551
519 520 553
519 553 552
520 521 554
520 554 553
521 522 555
521 555 554
522 523 556
522 556 555
523 524 557
523 557 556
524 525 558
524 558 557
525 526 559
525 559 558
526 527 560
526 560 559
527 528 561
527 561 560
529 530 563
529 563 562
530 531 564
530 564 563
531 532 565
531 565 564
532 533 566
532 566 565
533 534 567
533 567 566
534 535 568
534 568 567
535 536 569
535 569 568
536 537 570
536 570 569
537 538 571
537 571 570
538 539 572
538 572 571
539 540 573
539 573 572
540 541 574
540 574 573
541 542 575
541 575 574
542 543 576
542 576 575
543 544 577
543 577 576
544 545 578
544 578 577
545 546 579
545 579 578
546 547 580
546 580 579
547 548 581
547 581 580
548 549 582
548 582 581
549 550 583
549 583 582
550 551 584
550 584 583
551 552 585
551 585 584
552 553 586
552 586 585
553 554 587
553 587 586
554 555 588
554 588 587
555 556 589
555 589 588
556 557 590
556 590 589
557 558 591
557 591 590
558 559 592
558 592 591
559 560 593
559 593 592
560 561 594
560 594 593
562 563 596
562 596 595
563 564 597
563 597 596
564 565 598
564 598 597
565 566 599
565 599 598
566 567 600
566 600 599
567 568 601
567 601 600
568 569 602
568 602 601
569 570 603
569 603 602
570 571 604
570 604 603
571 572 605
571 605 604
572 573 606
572 606 605
573 574 607
573 607 606
574 575 608
574 608 607
575 576 609
575 609 608
576 577 610
576 610 609
577 578 611
577 611 610
578 579 612
578 612 611
579 580 613
579 613 612
580 581 614
580 614 613
581 582 615
581 615 614
582 583 616
582 616 615
583 584 617
583 617 616
584 585 618
584 618 617
585 586 619
585 619 618
586 587 620
586 620 619
587 588 621
587 621 620
588 589 622
588 622 621
589 590 623
589 623 622
590 591 624
590 624 623
591 592 625
591 625 624
592 593 626
592 626 625
593 594 627
593 627 626
595 596 629
595 629 628
596 597 630
596 630 629
597 598 631
597 631 630
598 599 632
598 632 631
599 600 633
599 633 632
600 601 634
600 634 633
601 602 635
601 635 634
602 603 636
602 636 635
603 604 637
603 637 636
604 605 638
604 638 637
605 606 639
605 639 638
606 607 640
606 640 639
607 608 641
607 641 640
608 609 642
608 642 641
609 610 643
609 643 642
610 611 644
610 644 643
611 612 645
611 645 644
612 613 646
612 646 645
613 614 647
613 647 646
614 615 648
614 648 647
615 616 649
615 649 648
616 617 650
616 650 649
617 618 651
617 651 650
618 619 652
618 652 651
619 620 653
619 653 652
620 621 654
620 654 653
621 622 655
621 655 654
622 623 656
622 656 655
623 624 657
623 657 656
624 625 658
624 658 657
625 626 659
625 659 658
626 627 660
626 660 659
628 629 662
628 662 661
629 630 663
629 663 662
630 631 664
630 664 663
631 632 665
631 665 664
632 633 666
632 666 665
633 634 667
633 667 666
634 635 668
634 668 667
635 636 669
635 669 668
636 637 670
636 670 669
637 638 671
637 671 670
638 639 672
638 672 671
639 640 673
639 673 672
640 641 674
640 674 673
641 642 675
641 675 674
642 643 676
642 676 675
643 644 677
643 677 676
644 645 678
644 678 677
645 646 679
645 679 678
646 647 680
646 680 679
647 648 681
647 681 680
648 649 682
648 682 681
649 650 683
649 683 682
650 651 684
650 684 683
651 652 685
651 685 684
652 653 686
652 686 685
653 654 687
653 687 686
654 655 688
654 688 687
655 656 689
655 689 688
656 657 690
656 690 689
657 658 691
657 691 690
658 659 692
658 692 691
659 660 693
659 693 692
661 662 695
661 695 694
662 663 696
662 696 695
663 664 697
663 697 696
664 665 698
664 698 697
665 666 699
665 699 698
666 667 700
666 700 699
667 668 701
667 701 700
668 669 702
668 702 701
669 670 703
669 703 702
670 671 704
670 704 703
671 672 705
671 705 704
672 673 706
672 706 705
673 674 707
673 707 706
674 675 708
674 708 707
675 676 709
675 709 708
676 677 710
676 710 709
677 678 711
677 711 710
678 679 712
678 712 711
679 680 713
679 713 712
680 681 714
680 714 713
681 682 715
681 715 714
682 683 716
682 716 715
683 684 717
683 717 716
684 685 718
684 718 717
685 686 719
685 719 718
686 687 720
686 720 719
687 688 721
687 721 720
688 689 722
688 722 721
689 690 723
689 723 722
690 691 724
690 724 723
691 692 725
691 725 724
692 693 726
692 726 725
694 695 728
694 728 727
695 696 729
695 729 728
696 697 730
696 730 729
697 698 731
697 731 730
698 699 732
698 732 731
699 700 733
699 733 732
700 701 734
700 734 733
701 702 735
701 735 734
702 703 736
702 736 735
703 704 737
703 737 736
704 705 738
704 738 737
705 706 739
705 739 738
706 707 740
706 740 739
707 708 741
707 741 740
708 709 742
708 742 741
709 710 743
709 743 742
710 711 744
710 744 743
711 712 745
711 745 744
712 713 746
712 746 745
713 714 747
713 747 746
714 715 748
714 748 747
715 716 749
715 749 748
716 717 750
716 750 749
717 718 751
717 751 750
718 719 752
718 752 751
719 720 753
719 753 752
720 721 754
720 754 753
721 722 755
721 755 754
722 723 756
722 756 755
723 724 757
723 757 756
724 725 758
724 758 757
725 726 759
725 759 758
727 728 761
727 761 760
728 729 762
728 762 761
729 730 763
729 763 762
730 731 764
730 764 763
731 732 765
731 765 764
732 733 766
732 766 765
733 734 767
733 767 766
734 735 768
734 768 767
735 736 769
735 769 768
736 737 770
736 770 769
737 738 771
737 771 770
738 739 772
738 772 771
739 740 773
739 773 772
740 741 774
740 774 773
741 742 775
741 775 774
742 743 776
742 776 775
743 744 777
743 777 776
744 745 778
744 778 777
745 746 779
745 779 778
746 747 780
746 780 779
747 748 781
747 781 780
748 749 782
748 782 781
749 750 783
749 783 782
750 751 784
750 784 783
751 752 785
751 785 784
752 753 786
752 786 785
753 754 787
753 787 786
754 755 788
754 788 787
755 756 789
755 789 788
756 757 790
756 790 789
757 758 791
757 791 790
758 759 792
758 792 791
760 761 794
760 794 793
761 762 795
761 795 794
762 763 796
762 796 795
763 764 797
763 797 796
764 765 798
764 798 797
765 766 799
765 799 798
766 767 800
766 800 799
767 768 801
767 801 800
768 769 802
768 802 801
769 770 803
769 803 802
770 771 804
770 804 803
771 772 805
771 805 804
772 773 806
772 806 805
773 774 807
773 807 806
774 775 808
774 808 807
775 776 809
775 809 808
776 777 810
776 810 809
777 778 811
777 811 810
778 779 812
778 812 811
779 780 813
779 813 812
780 781 814
780 814 813
781 782 815
781 815 814
782 783 816
782 816 815
783 784 817
783 817 816
784 785 818
784 818 817
785 786 819
785 819 818
786 787 820
786 820 819
787 788 821
787 821 820
788 789 822
788 822 821
789 790 823
789 823 822
790 791 824
790 824 823
791 792 825
791 825 824
793 794 827
793 827 826
794 795 828
794 828 827
795 796 829
795 829 828
796 797 830
796 830 829
797 798 831
797 831 830
798 799 832
798 832 831
799 800 833
799 833 832
800 801 834
800 834 833
801 802 835
801 835 834
802 803 836
802 836 835
803 804 837
803 837 836
804 805 838
804 838 837
805 806 839
805 839 838
806 807 840
806 840 839
807 808 841
807 841 840
808 809 842
808 842 841
809 810 843
809 843 842
810 811 844
810 844 843
811 812 845
811 845 844
812 813 846
812 846 845
813 814 847
813 847 846
814 815 848
814 848 847
815 816 849
815 849 848
816 817 850
816 850 849
817 818 851
817 851 850
818 819 852
818 852 851
819 820 853
819 853 852
820 821 854
820 854 853
821 822 855
821 855 854
822 823 856
822 856 855
823 824 857
823 857 856
824 825 858
824 858 857
826 827 860
826 860 859
827 828 861
827 861 860
828 829 862
828 862 861
829 830 863
829 863 862
830 831 864
830 864 863
831 832 865
831 865 864
832 833 866
832 866 865
833 834 867
833 867 866
834 835 868
834 868 867
835 836 869
835 869 868
836 837 870
836 870 869
837 838 871
837 871 870
838 839 872
838 872 871
839 840 873
839 873 872
840 841 874
840 874 873
841 842 875
841 875 874
842 843 876
842 876 875
843 844 877
843 877 876
844 845 878
844 878 877
845 846 879
845 879 878
846 847 880
846 880 879
847 848 881
847 881 880
848 849 882
848 882 881
849 850 883
849 883 882
850 851 884
850 884 883
851 852 885
851 885 884
852 853 886
852 886 885
853 854 887
853 887 886
854 855 888
854 888 887
855 856 889
855 889 888
856 857 890
856 890 889
857 858 891
857 891 890
859 860 893
859 893 892
860 861 894
860 894 893
861 862 895
861 895 894
862 863 896
862 896 895
863 864 897
863 897 896
864 865 898
864 898 897
865 866 899
865 899 898
866 867 900
866 900 899
867 868 901
867 901 900
868 869 902
868 902 901
869 870 903
869 903 902
870 871 904
870 904 903
871 872 905
871 905 904
872 873 906
872 906 905
873 874 907
873 907 906
874 875 908
874 908 907
875 876 909
875 909 908
876 877 910
876 910 909
877 878 911
877 911 910
878 879 912
878 912 911
879 880 913
879 913 912
880 881 914
880 914 913
881 882 915
881 915 914
882 883 916
882 916 915
883 884 917
883 917 916
884 885 918
884 918 917
885 886 919
885 919 918
886 887 920
886 920 919
887 888 921
887 921 920
888 889 922
888 922 921
889 890 923
889 923 922
890 891 924
890 924 923
892 893 926
892 926 925
893 894 927
893 927 926
894 895 928
894 928 927
895 896 929
895 929 928
896 897 930
896 930 929
897 898 931
897 931 930
898 899 932
898 932 931
899 900 933
899 933 932
900 901 934
900 934 933
901 902 935
901 935 934
902 903 936
902 936 935
903 904 937
903 937 936
904 905 938
904 938 937
905 906 939
905 939 938
906 907 940
906 940 939
907 908 941
907 941 940
908 909 942
908 942 941
909 910 943
909 943 942
910 911 944
910 944 943
911 912 945
911 945 944
912 913 946
912 946 945
913 914 947
913 947 946
914 915 948
914 948 947
915 916 949
915 949 948
916 917 950
916 950 949
917 918 951
917 951 950
918 919 952
918 952 951
919 920 953
919 953 952
920 921 954
920 954 953
921 922 955
921 955 954
922 923 956
922 956 955
923 924 957
923 957 956
925 926 959
925 959 958
926 927 960
926 960 959
927 928 961
927 961 960
928 929 962
928 962 961
929 930 963
929 963 962
930 931 964
930 964 963
931 932 965
931 965 964
932 933 966
932 966 965
933 934 967
933 967 966
934 935 968
934 968 967
935 936 969
935 969 968
936 937 970
936 970 969
937 938 971
937 971 970
938 939 972
938 972 971
939 940 973
939 973 972
940 941 974
940 974 973
941 942 975
941 975 974
942 943 976
942 976 975
943 944 977
943 977 976
944 945 978
944 978 977
945 946 979
945 979 978
946 947 980
946 980 979
947 948 981
947 981 980
948 949 982
948 982 981
949 950 983
949 983 982
950 951 984
950 984 983
951 952 985
951 985 984
952 953 986
952 986 985
953 954 987
953 987 986
954 955 988
954 988 987
955 956 989
955 989 988
956 957 990
956 990 989
958 959 992
958 992 991
959 960 993
959 993 992
960 961 994
960 994 993
961 962 995
961 995 994
962 963 996
962 996 995
963 964 997
963 997 996
964 965 998
964 998 997
965 966 999
965 999 998
966 967 1000
966 1000 999
967 968 1001
967 1001 1000
968 969 1002
968 1002 1001
969 970 1003
969 1003 1002
970 971 1004
970 1004 1003
971 972 1005
971 1005 1004
972 973 1006
972 1006 1005
973 974 1007
973 1007 1006
974 975 1008
974 1008 1007
975 976 1009
975 1009 1008
976 977 1010
976 1010 1009
977 978 1011
977 1011 1010
978 979 1012
978 1012 1011
979 980 1013
979 1013 1012
980 981 1014
980 1014 1013
981 982 1015
981 1015 1014
982 983 1016
982 1016 1015
983 984 1017
983 1017 1016
984 985 1018
984 1018 1017
985 986 1019
985 1019 1018
986 987 1020
986 1020 1019
987 988 1021
987 1021 1020
988 989 1022
988 1022 1021
989 990 1023
989 1023 1022
991 992 1025
991 1025 1024
992 993 1026
992 1026 1025
993 994 1027
993 1027 1026
994 995 1028
994 1028 1027
995 996 1029
995 1029 1028
996 997 1030
996 1030 1029
997 998 1031
997 1031 1030
998 999 1032
998 1032 1031
999 1000 1033
999 1033 1032
1000 1001 1034
1000 1034 1033
1001 1002 1035
1001 1035 1034
1002 1003 1036
1002 1036 1035
1003 1004 1037
1003 1037 1036
1004 1005 1038
1004 1038 1037
1005 1006 1039
1005 1039 1038
1006 1007 1040
1006 1040 1039
1007 1008 1041
1007 1041 1040
1008 1009 1042
1008 1042 1041
1009 1010 1043
1009 1043 1042
1010 1011 1044
1010 1044 1043
1011 1012 1045
1011 1045 1044
1012 1013 1046
1012 1046 1045
1013 1014 1047
1013 1047 1046
1014 1015 1048
1014 1048 1047
1015 1016 1049
1015 1049 1048
1016 1017 1050
1016 1050 1049
1017 1018 1051
1017 1051 1050
1018 1019 1052
1018 1052 1051
1019 1020 1053
1019 1053 1052
1020 1021 1054
1020 1054 1053
1021 1022 1055
1021 1055 1054
1022 1023 1056
1022 1056 1055
1024 1025 1058
1024 1058 1057
1025 1026 1059
1025 1059 1058
1026 1027 1060
1026 1060 1059
1027 1028 1061
1027 1061 1060
1028 1029 1062
1028 1062 1061
1029 1030 1063
1029 1063 1062
1030 1031 1064
1030 1064 1063
1031 1032 1065
1031 1065 1064
1032 1033 1066
1032 1066 1065
1033 1034 1067
1033 1067 1066
1034 1035 1068
1034 1068 1067
1035 1036 1069
1035 1069 1068
1036 1037 1070
1036 1070 1069
1037 1038 1071
1037 1071 1070
1038 1039 1072
1038 1072 1071
1039 1040 1073
1039 1073 1072
1040 1041 1074
1040 1074 1073
1041 1042 1075
1041 1075 1074
1042 1043 1076
1042 1076 1075
1043 1044 1077
1043 1077 1076
1044 1045 1078
1044 1078 1077
1045 1046 1079
1045 1079 1078
1046 1047 1080
1046 1080 1079
1047 1048 1081
1047 1081 1080
1048 1049 1082
1048 1082 1081
1049 1050 1083
1049 1083 1082
1050 1051 1084
1050 1084 1083
1051 1052 1085
1051 1085 1084
1052 1053 1086
1052 1086 1085
1053 1054 1087
1053 1087 1086
1054 1055 1088
1054 1088 1087
1055 1056 1089
1055 1089 1088
1057 1058 1123
1057 1123 1122
1058 1059 1124
1058 1124 1123
1059 1060 1125
1059 1125 1124
1060 1061 1126
1060 1126 1125
1061 1062 1127
1061 1127 1126
1062 1063 1128
1062 1128 1127
1063 1064 1129
1063 1129 1128
1064 1065 1130
1064 1130 1129
1065 1066 1131
1065 1131 1130
1066 1067 1132
1066 1132 1131
1067 1068 1133
1067 1133 1132
1068 1069 1134
1068 1134 1133
1069 1070 1135
1069 1135 1134
1070 1071 1136
1070 1136 1135
1071 1072 1137
1071 1137 1136
1072 1073 1138
1072 1138 1137
1073 1074 1139
1073 1139 1138
1074 1075 1140
1074 1140 1139
1075 1076 1141
1075 1141 1140
1076 1077 1142
1076 1142 1141
1077 1078 1143
1077 1143 1142
1078 1079 1144
1078 1144 1143
1079 1080 1145
1079 1145 1144
1080 1081 1146
1080 1146 1145
1081 1082 1147
1081 1147 1146
1082 1083 1148
1082 1148 1147
1083 1084 1149
1083 1149 1148
1084 1085 1150
1084 1150 1149
1085 1086 1151
1085 1151 1150
1086 1087 1152
1086 1152 1151
1087 1088 1153
1087 1153 1152
1088 1089 1154
1088 1154 1153
1089 1090 1155
1089 1155 1154
1090 1091 1156
1090 1156 1155
1091 1092 1157
1091 1157 1156
1092 1093 1158
1092 1158 1157
1093 1094 1159
1093 1159 1158
1094 1095 1160
1094 1160 1159
1095 1096 1161
1095 1161 1160
1096 1097 1162
1096 1162 1161
1097 1098 1163
1097 1163 1162
1098 1099 1164
1098 1164 1163
1099 1100 1165
1099 1165 1164
1100 1101 1166
1100 1166 1165
1101 1102 1167
1101 1167 1166
1102 1103 1168
1102 1168 1167
1103 1104 1169
1103 1169 1168
1104 1105 1170
1104 1170 1169
1105 1106 1171
1105 1171 1170
1106 1107 1172
1106 1172 1171
1107 1108 1173
1107 1173 1172
1108 1109 1174
1108 1174 1173
1109 1110 1175
1109 1175 1174
1110 1111 1176
1110 1176 1175
1111 1112 1177
1111 1177 1176
1112 1113 1178
1112 1178 1177
1113 1114 1179
1113 1179 1178
1114 1115 1180
1114 1180 1179
1115 1116 1181
1115 1181 1180
1116 1117 1182
1116 1182 1181
1117 1118 1183
1117 1183 1182
1118 1119 1184
1118 1184 1183
1119 1120 1185
1119 1185 1184
1120 1121 1186
1120 1186 1185
1122 1123 1188
1122 1188 1187
1123 1124 1189
1123 1189 1188
1124 1125 1190
1124 1190 1189
1125 1126 1191
1125 1191 1190
1126 1127 1192
1126 1192 1191
1127 1128 1193
1127 1193 1192
1128 1129 1194
1128 1194 1193
1129 1130 1195
1129 1195 1194
1130 1131 1196
1130 1196 1195
1131 1132 1197
1131 1197 1196
1132 1133 1198
1132 1198 1197
1133 1134 1199
1133 1199 1198
1134 1135 1200
1134 1200 1199
1135 1136 1201
1135 1201 1200
1136 1137 1202
1136 1202 1201
1137 1138 1203
1137 1203 1202
1138 1139 1204
1138 1204 1203
1139 1140 1205
1139 1205 1204
1140 1141 1206
1140 1206 1205
1141 1142 1207
1141 1207 1206
1142 1143 1208
1142 1208 1207
1143 1144 1209
1143 1209 1208
1144 1145 1210
1144 1210 1209
1145 1146 1211
1145 1211 1210
1146 1147 1212
1146 1212 1211
1147 1148 1213
1147 1213 1212
1148 1149 1214
1148 1214 1213
1149 1150 1215
1149 1215 1214
1150 1151 1216
1150 1216 1215
1151 1152 1217
1151 1217 1216
1152 1153 1218
1152 1218 1217
1153 1154 1219
1153 1219 1218
1154 1155 1220
1154 1220 1219
1155 1156 1221
1155 1221 1220
1156 1157 1222
1156 1222 1221
1157 1158 1223
1157 1223 1222
1158 1159 1224
1158 1224 1223
1159 1160 1225
1159 1225 1224
1160 1161 1226
1160 1226 1225
1161 1162 1227
1161 1227 1226
1162 1163 1228
1162 1228 1227
1163 1164 1229
1163 1229 1228
1164 1165 1230
1164 1230 1229
1165 1166 1231
1165 1231 1230
1166 1167 1232
1166 1232 1231
1167 1168 1233
1167 1233 1232
1168 1169 1234
1168 1234 1233
1169 1170 1235
1169 1235 1234
1170 1171 1236
1170 1236 1235
1171 1172 1237
1171 1237 1236
1172 1173 1238
1172 1238 1237
1173 1174 1239
1173 1239 1238
1174 1175 1240
1174 1240 1239
1175 1176 1241
1175 1241 1240
1176 1177 1242
1176 1242 1241
1177 1178 1243
1177 1243 1242
1178 1179 1244
1178 1244 1243
1179 1180 1245
1179 1245 1244
1180 1181 1246
1180 1246 1245
1181 1182 1247
1181 1247 1246
1182 1183 1248
1182 1248 1247
1183 1184 1249
1183 1249 1248
1184 1185 1250
1184 1250 1249
1185 1186 1251
1185 1251 1250
1187 1188 1253
1187 1253 1252
1188 1189 1254
1188 1254 1253
1189 1190 1255
1189 1255 1254
1190 1191 1256
1190 1256 1255
1191 1192 1257
1191 1257 1256
1192 1193 1258
1192 1258 1257
1193 1194 1259
1193 1259 1258
1194 1195 1260
1194 1260 1259
1195 1196 1261
1195 1261 1260
1196 1197 1262
1196 1262 1261
1197 1198 1263
1197 1263 1262
1198 1199 1264
1198 1264 1263
1199 1200 1265
1199 1265 1264
1200 1201 1266
1200 1266 1265
1201 1202 1267
1201 1267 1266
1202 1203 1268
1202 1268 1267
1203 1204 1269
1203 1269 1268
1204 1205 1270
1204 1270 1269
1205 1206 1271
1205 1271 1270
1206 1207 1272
1206 1272 1271
1207 1208 1273
1207 1273 1272
1208 1209 1274
1208 1274 1273
1209 1210 1275
1209 1275 1274
1210 1211 1276
1210 1276 1275
1211 1212 1277
1211 1277 1276
1212 1213 1278
1212 1278 1277
1213 1214 1279
1213 1279 1278
1214 1215 1280
1214 1280 1279
1215 1216 1281
1215 1281 1280
1216 1217 1282
1216 1282 1281
1217 1218 1283
1217 1283 1282
1218 1219 1284
1218 1284 1283
1219 1220 1285
1219 1285 1284
1220 1221 1286
1220 1286 1285
1221 1222 1287
1221 1287 1286
1222 1223 1288
1222 1288 1287
1223 1224 1289
1223 1289 1288
1224 1225 1290
1224 1290 1289
1225 1226 1291
1225 1291 1290
1226 1227 1292
1226 1292 1291
1227 1228 1293
1227 1293 1292
1228 1229 1294
1228 1294 1293
1229 1230 1295
1229 1295 1294
1230 1231 1296
1230 1296 1295
1231 1232 1297
1231 1297 1296
1232 1233 1298
1232 1298 1297
1233 1234 1299
1233 1299 1298
1234 1235 1300
1234 1300 1299
1235 1236 1301
1235 1301 1300
1236 1237 1302
1236 1302 1301
1237 1238 1303
1237 1303 1302
1238 1239 1304
1238 1304 1303
1239 1240 1305
1239 1305 1304
1240 1241 1306
1240 1306 1305
1241 1242 1307
1241 1307 1306
1242 1243 1308
1242 1308 1307
1243 1244 1309
1243 1309 1308
1244 1245 1310
1244 1310 1309
1245 1246 1311
1245 1311 1310
1246 1247 1312
1246 1312 1311
1247 1248 1313
1247 1313 1312
1248 1249 1314
1248 1314 1313
1249 1250 1315
1249 1315 1314
1250 1251 1316
1250 1316 1315
1252 1253 1318
1252 1318 1317
1253 1254 1319
1253 1319 1318
1254 1255 1320
1254 1320 1319
1255 1256 1321
1255 1321 1320
1256 1257 1322
1256 1322 1321
1257 1258 1323
1257 1323 1322
1258 1259 1324
1258 1324 1323
1259 1260 1325
1259 1325 1324
1260 1261 1326
1260 1326 1325
1261 1262 1327
1261 1327 1326
1262 1263 1328
1262 1328 1327
1263 1264 1329
1263 1329 1328
1264 1265 1330
1264 1330 1329
1265 1266 1331
1265 1331 1330
1266 1267 1332
1266 1332 1331
1267 1268 1333
1267 1333 1332
1268 1269 1334
1268 1334 1333
1269 1270 1335
1269 1335 1334
1270 1271 1336
1270 1336 1335
1271 1272 1337
1271 1337 1336
1272 1273 1338
1272 1338 1337
1273 1274 1339
1273 1339 1338
1274 1275 1340
1274 1340 1339
1275 1276 1341
1275 1341 1340
1276 1277 1342
1276 1342 1341
1277 1278 1343
1277 1343 1342
1278 1279 1344
1278 1344 1343
1279 1280 1345
1279 1345 1344
1280 1281 1346
1280 1346 1345
1281 1282 1347
1281 1347 1346
1282 1283 1348
1282 1348 1347
1283 1284 1349
1283 1349 1348
1284 1285 1350
1284 1350 1349
1285 1286 1351
1285 1351 1350
1286 1287 1352
1286 1352 1351
1287 1288 1353
1287 1353 1352
1288 1289 1354
1288 1354 1353
1289 1290 1355
1289 1355 1354
1290 1291 1356
1290 1356 1355
1291 1292 1357
1291 1357 1356
1292 1293 1358
1292 1358 1357
1293 1294 1359
1293 1359 1358
1294 1295 1360
1294 1360 1359
1295 1296 1361
1295 1361 1360
1296 1297 1362
1296 1362 1361
1297 1298 1363
1297 1363 1362
1298 1299 1364
1298 1364 1363
1299 1300 1365
1299 1365 1364
1300 1301 1366
1300 1366 1365
1301 1302 1367
1301 1367 1366
1302 1303 1368
1302 1368 1367
1303 1304 1369
1303 1369 1368
1304 1305 1370
1304 1370 1369
1305 1306 1371
1305 1371 1370
1306 1307 1372
1306 1372 1371
1307 1308 1373
1307 1373 1372
1308 1309 1374
1308 1374 1373
1309 1310 1375
1309 1375 1374
1310 1311 1376
1310 1376 1375
1311 1312 1377
1311 1377 1376
1312 1313 1378
1312 1378 1377
1313 1314 1379
1313 1379 1378
1314 1315 1380
1314 1380 1379
1315 1316 1381
1315 1381 1380
1317 1318 1383
1317 1383 1382
1318 1319 1384
1318 1384 1383
1319 1320 1385
1319 1385 1384
1320 1321 1386
1320 1386 1385
1321 1322 1387
1321 1387 1386
1322 1323 1388
1322 1388 1387
1323 1324 1389
1323 1389 1388
1324 1325 1390
1324 1390 1389
1325 1326 1391
1325 1391 1390
1326 1327 1392
1326 1392 1391
1327 1328 1393
1327 1393 1392
1328 1329 1394
1328 1394 1393
1329 1330 1395
1329 1395 1394
1330 1331 1396
1330 1396 1395
1331 1332 1397
1331 1397 1396
1332 1333 1398
1332 1398 1397
1333 1334 1399
1333 1399 1398
1334 1335 1400
1334 1400 1399
1335 1336 1401
1335 1401 1400
1336 1337 1402
1336 1402 1401
1337 1338 1403
1337 1403 1402
1338 1339 1404
1338 1404 1403
1339 1340 1405
1339 1405 1404
1340 1341 1406
1340 1406 1405
1341 1342 1407
1341 1407 1406
1342 1343 1408
1342 1408 1407
1343 1344 1409
1343 1409 1408
1344 1345 1410
1344 1410 1409
1345 1346 1411
1345 1411 1410
1346 1347 1412
1346 1412 1411
1347 1348 1413
1347 1413 1412
1348 1349 1414
1348 1414 1413
1349 1350 1415
1349 1415 1414
1350 1351 1416
1350 1416 1415
1351 1352 1417
1351 1417 1416
1352 1353 1418
1352 1418 1417
1353 1354 1419
1353 1419 1418
1354 1355 1420
1354 1420 1419
1355 1356 1421
1355 1421 1420
1356 1357 1422
1356 1422 1421
1357 1358 1423
1357 1423 1422
1358 1359 1424
1358 1424 1423
1359 1360 1425
1359 1425 1424
1360 1361 1426
1360 1426 1425
1361 1362 1427
1361 1427 1426
1362 1363 1428
1362 1428 1427
1363 1364 1429
1363 1429 1428
1364 1365 1430
1364 1430 1429
1365 1366 1431
1365 1431 1430
1366 1367 1432
1366 1432 1431
1367 1368 1433
1367 1433 1432
1368 1369 1434
1368 1434 1433
1369 1370 1435
1369 1435 1434
1370 1371 1436
1370 1436 1435
1371 1372 1437
1371 1437 1436
1372 1373 1438
1372 1438 1437
1373 1374 1439
1373 1439 1438
1374 1375 1440
1374 1440 1439
1375 1376 1441
1375 1441 1440
1376 1377 1442
1376 1442 1441
1377 1378 1443
1377 1443 1442
1378 1379 1444
1378 1444 1443
1379 1380 1445
1379 1445 1444
1380 1381 1446
1380 1446 1445
1382 1383 1448
1382 1448 1447
1383 1384 1449
1383 1449 1448
1384 1385 1450
1384 1450 1449
1385 1386 1451
1385 1451 1450
1386 1387 1452
1386 1452 1451
1387 1388 1453
1387 1453 1452
1388 1389 1454
1388 1454 1453
1389 1390 1455
1389 1455 1454
1390 1391 1456
1390 1456 1455
1391 1392 1457
1391 1457 1456
1392 1393 1458
1392 1458 1457
1393 1394 1459
1393 1459 1458
1394 1395 1460
1394 1460 1459
1395 1396 1461
1395 1461 1460
1396 1397 1462
1396 1462 1461
1397 1398 1463
1397 1463 1462
1398 1399 1464
1398 1464 1463
1399 1400 1465
1399 1465 1464
1400 1401 1466
1400 1466 1465
1401 1402 1467
1401 1467 1466
1402 1403 1468
1402 1468 1467
1403 1404 1469
1403 1469 1468
1404 1405 1470
1404 1470 1469
1405 1406 1471
1405 1471 1470
1406 1407 1472
1406 1472 1471
1407 1408 1473
1407 1473 1472
1408 1409 1474
1408 1474 1473
1409 1410 1475
1409 1475 1474
1410 1411 1476
1410 1476 1475
1411 1412 1477
1411 1477 1476
1412 1413 1478
1412 1478 1477
1413 1414 1479
1413 1479 1478
1414 1415 1480
1414 1480 1479
1415 1416 1481
1415 1481 1480
1416 1417 1482
1416 1482 1481
1417 1418 1483
1417 1483 1482
1418 1419 1484
1418 1484 1483
1419 1420 1485
1419 1485 1484
1420 1421 1486
1420 1486 1485
1421 1422 1487
1421 1487 1486
1422 1423 1488
1422 1488 1487
1423 1424 1489
1423 1489 1488
1424 1425 1490
1424 1490 1489
1425 1426 1491
1425 1491 1490
1426 1427 1492
1426 1492 1491
1427 1428 1493
1427 1493 1492
1428 1429 1494
1428 1494 1493
1429 1430 1495
1429 1495 1494
1430 1431 1496
1430 1496 1495
1431 1432 1497
1431 1497 1496
1432 1433 1498
1432 1498 1497
1433 1434 1499
1433 1499 1498
1434 1435 1500
1434 1500 1499
1435 1436 1501
1435 1501 1500
1436 1437 1502
1436 1502 1501
1437 1438 1503
1437 1503 1502
1438 1439 1504
1438 1504 1503
1439 1440 1505
1439 1505 1504
1440 1441 1506
1440 1506 1505
1441 1442 1507
1441 1507 1506
1442 1443 1508
1442 1508 1507
1443 1444 1509
1443 1509 1508
1444 1445 1510
1444 1510 1509
1445 1446 1511
1445 1511 1510
1447 1448 1513
1447 1513 1512
1448 1449 1514
1448 1514 1513
1449 1450 1515
1449 1515 1514
1450 1451 1516
1450 1516 1515
1451 1452 1517
1451 1517 1516
1452 1453 1518
1452 1518 1517
1453 1454 1519
1453 1519 1518
1454 1455 1520
1454 1520 1519
1455 1456 1521
1455 1521 1520
1456 1457 1522
1456 1522 1521
1457 1458 1523
1457 1523 1522
1458 1459 1524
1458 1524 1523
1459 1460 1525
1459 1525 1524
1460 1461 1526
1460 1526 1525
1461 1462 1527
1461 1527 1526
1462 1463 1528
1462 1528 1527
1463 1464 1529
1463 1529 1528
1464 1465 1530
1464 1530 1529
1465 1466 1531
1465 1531 1530
1466 1467 1532
1466 1532 1531
1467 1468 1533
1467 1533 1532
1468 1469 1534
1468 1534 1533
1469 1470 1535
1469 1535 1534
1470 1471 1536
1470 1536 1535
1471 1472 1537
1471 1537 1536
1472 1473 1538
1472 1538 1537
1473 1474 1539
1473 1539 1538
1474 1475 1540
1474 1540 1539
1475 1476 1541
1475 1541 1540
1476 1477 1542
1476 1542 1541
1477 1478 1543
1477 1543 1542
1478 1479 1544
1478 1544 1543
1479 1480 1545
1479 1545 1544
1480 1481 1546
1480 1546 1545
1481 1482 1547
1481 1547 1546
1482 1483 1548
1482 1548 1547
1483 1484 1549
1483 1549 1548
1484 1485 1550
1484 1550 1549
1485 1486 1551
1485 1551 1550
1486 1487 1552
1486 1552 1551
1487 1488 1553
1487 1553 1552
1488 1489 1554
1488 1554 1553
1489 1490 1555
1489 1555 1554
1490 1491 1556
1490 1556 1555
1491 1492 1557
1491 1557 1556
1492 1493 1558
1492 1558 1557
1493 1494 1559
1493 1559 1558
1494 1495 1560
1494 1560 1559
1495 1496 1561
1495 1561 1560
1496 1497 1562
1496 1562 1561
1497 1498 1563
1497 1563 1562
1498 1499 1564
1498 1564 1563
1499 1500 1565
1499 1565 1564
1500 1501 1566
1500 1566 1565
1501 1502 1567
1501 1567 1566
1502 1503 1568
1502 1568 1567
1503 1504 1569
1503 1569 1568
1504 1505 1570
1504 1570 1569
1505 1506 1571
1505 1571 1570
1506 1507 1572
1506 1572 1571
1507 1508 1573
1507 1573 1572
1508 1509 1574
1508 1574 1573
1509 1510 1575
1509 1575 1574
1510 1511 1576
1510 1576 1575
1512 1513 1578
1512 1578 1577
1513 1514 1579
1513 1579 1578
1514 1515 1580
1514 1580 1579
1515 1516 1581
1515 1581 1580
1516 1517 1582
1516 1582 1581
1517 1518 1583
1517 1583 1582
1518 1519 1584
1518 1584 1583
1519 1520 1585
1519 1585 1584
1520 1521 1586
1520 1586 1585
1521 1522 1587
1521 1587 1586
1522 1523 1588
1522 1588 1587
1523 1524 1589
1523 1589 1588
1524 1525 1590
1524 1590 1589
1525 1526 1591
1525 1591 1590
1526 1527 1592
1526 1592 1591
1527 1528 1593
1527 1593 1592
1528 1529 1594
1528 1594 1593
1529 1530 1595
1529 1595 1594
1530 1531 1596
1530 1596 1595
1531 1532 1597
1531 1597 1596
1532 1533 1598
1532 1598 1597
1533 1534 1599
1533 1599 1598
1534 1535 1600
1534 1600 1599
1535 1536 1601
1535 1601 1600
1536 1537 1602
1536 1602 1601
1537 1538 1603
1537 1603 1602
1538 1539 1604
1538 1604 1603
1539 1540 1605
1539 1605 1604
1540 1541 1606
1540 1606 1605
1541 1542 1607
1541 1607 1606
1542 1543 1608
1542 1608 1607
1543 1544 1609
1543 1609 1608
1544 1545 1610
1544 1610 1609
1545 1546 1611
1545 1611 1610
1546 1547 1612
1546 1612 1611
1547 1548 1613
1547 1613 1612
1548 1549 1614
1548 1614 1613
1549 1550 1615
1549 1615 1614
1550 1551 1616
1550 1616 1615
1551 1552 1617
1551 1617 1616
1552 1553 1618
1552 1618 1617
1553 1554 1619
1553 1619 1618
1554 1555 1620
1554 1620 1619
1555 1556 1621
1555 1621 1620
1556 1557 1622
1556 1622 1621
1557 1558 1623
1557 1623 1622
1558 1559 1624
1558 1624 1623
1559 1560 1625
1559 1625 1624
1560 1561 1626
1560 1626 1625
1561 1562 1627
1561 1627 1626
1562 1563 1628
1562 1628 1627
1563 1564 1629
1563 1629 1628
1564 1565 1630
1564 1630 1629
1565 1566 1631
1565 1631 1630
1566 1567 1632
1566 1632 1631
1567 1568 1633
1567 1633 1632
1568 1569 1634
1568 1634 1633
1569 1570 1635
1569 1635 1634
1570 1571 1636
1570 1636 1635
1571 1572 1637
1571 1637 1636
1572 1573 1638
1572 1638 1637
1573 1574 1639
1573 1639 1638
1574 1575 1640
1574 1640 1639
1575 1576 1641
1575 1641 1640
1577 1578 1643
1577 1643 1642
1578 1579 1644
1578 1644 1643
1579 1580 1645
1579 1645 1644
1580 1581 1646
1580 1646 1645
1581 1582 1647
1581 1647 1646
1582 1583 1648
1582 1648 1647
1583 1584 1649
1583 1649 1648
1584 1585 1650
1584 1650 1649
1585 1586 1651
1585 1651 1650
1586 1587 1652
1586 1652 1651
1587 1588 1653
1587 1653 1652
1588 1589 1654
1588 1654 1653
1589 1590 1655
1589 1655 1654
1590 1591 1656
1590 1656 1655
1591 1592 1657
1591 1657 1656
1592 1593 1658
1592 1658 1657
1593 1594 1659
1593 1659 1658
1594 1595 1660
1594 1660 1659
1595 1596 1661
1595 1661 1660
1596 1597 1662
1596 1662 1661
1597 1598 1663
1597 1663 1662
1598 1599 1664
1598 1664 1663
1599 1600 1665
1599 1665 1664
1600 1601 1666
1600 1666 1665
1601 1602 1667
1601 1667 1666
1602 1603 1668
1602 1668 1667
1603 1604 1669
1603 1669 1668
1604 1605 1670
1604 1670 1669
1605 1606 1671
1605 1671 1670
1606 1607 1672
1606 1672 1671
1607 1608 1673
1607 1673 1672
1608 1609 1674
1608 1674 1673
1609 1610 1675
1609 1675 1674
1610 1611 1676
1610 1676 1675
1611 1612 1677
1611 1677 1676
1612 1613 1678
1612 1678 1677
1613 1614 1679
1613 1679 1678
1614 1615 1680
1614 1680 1679
1615 1616 1681
1615 1681 1680
1616 1617 1682
1616 1682 1681
1617 1618 1683
1617 1683 1682
1618 1619 1684
1618 1684 1683
1619 1620 1685
1619 1685 1684
1620 1621 1686
1620 1686 1685
1621 1622 1687
1621 1687 1686
1622 1623 1688
1622 1688 1687
1623 1624 1689
1623 1689 1688
1624 1625 1690
1624 1690 1689
1625 1626 1691
1625 1691 1690
1626 1627 1692
1626 1692 1691
1627 1628 1693
1627 1693 1692
1628 1629 1694
1628 1694 1693
1629 1630 1695
1629 1695 1694
1630 1631 1696
1630 1696 1695
1631 1632 1697
1631 1697 1696
1632 1633 1698
1632 1698 1697
1633 1634 1699
1633 1699 1698
1634 1635 1700
1634 1700 1699
1635 1636 1701
1635 1701 1700
1636 1637 1702
1636 1702 1701
1637 1638 1703
1637 1703 1702
1638 1639 1704
1638 1704 1703
1639 1640 1705
1639 1705 1704
1640 1641 1706
1640 1706 1705
1642 1643 1708
1642 1708 1707
1643 1644 1709
1643 1709 1708
1644 1645 1710
1644 1710 1709
1645 1646 1711
1645 1711 1710
1646 1647 1712
1646 1712 1711
1647 1648 1713
1647 1713 1712
1648 1649 1714
1648 1714 1713
1649 1650 1715
1649 1715 1714
1650 1651 1716
1650 1716 1715
1651 1652 1717
1651 1717 1716
1652 1653 1718
1652 1718 1717
1653 1654 1719
1653 1719 1718
1654 1655 1720
1654 1720 1719
1655 1656 1721
1655 1721 1720
1656 1657 1722
1656 1722 1721
1657 1658 1723
1657 1723 1722
1658 1659 1724
1658 1724 1723
1659 1660 1725
1659 1725 1724
1660 1661 1726
1660 1726 1725
1661 1662 1727
1661 1727 1726
1662 1663 1728
1662 1728 1727
1663 1664 1729
1663 1729 1728
1664 1665 1730
1664 1730 1729
1665 1666 1731
1665 1731 1730
1666 1667 1732
1666 1732 1731
1667 1668 1733
1667 1733 1732
1668 1669 1734
1668 1734 1733
1669 1670 1735
1669 1735 1734
1670 1671 1736
1670 1736 1735
1671 1672 1737
1671 1737 1736
1672 1673 1738
1672 1738 1737
1673 1674 1739
1673 1739 1738
1674 1675 1740
1674 1740 1739
1675 1676 1741
1675 1741 1740
1676 1677 1742
1676 1742 1741
1677 1678 1743
1677 1743 1742
1678 1679 1744
1678 1744 1743
1679 1680 1745
1679 1745 1744
1680 1681 1746
1680 1746 1745
1681 1682 1747
1681 1747 1746
1682 1683 1748
1682 1748 1747
1683 1684 1749
1683 1749 1748
1684 1685 1750
1684 1750 1749
1685 1686 1751
1685 1751 1750
1686 1687 1752
1686 1752 1751
1687 1688 1753
1687 1753 1752
1688 1689 1754
1688 1754 1753
1689 1690 1755
1689 1755 1754
1690 1691 1756
1690 1756 1755
1691 1692 1757
1691 1757 1756
1692 1693 1758
1692 1758 1757
1693 1694 1759
1693 1759 1758
1694 1695 1760
1694 1760 1759
1695 1696 1761
1695 1761 1760
1696 1697 1762
1696 1762 1761
1697 1698 1763
1697 1763 1762
1698 1699 1764
1698 1764 1763
1699 1700 1765
1699 1765 1764
1700 1701 1766
1700 1766 1765
1701 1702 1767
1701 1767 1766
1702 1703 1768
1702 1768 1767
1703 1704 1769
1703 1769 1768
1704 1705 1770
1704 1770 1769
1705 1706 1771
1705 1771 1770
1707 1708 1773
1707 1773 1772
1708 1709 1774
1708 1774 1773
1709 1710 1775
1709 1775 1774
1710 1711 1776
1710 1776 1775
1711 1712 1777
1711 1777 1776
1712 1713 1778
1712 1778 1777
1713 1714 1779
1713 1779 1778
1714 1715 1780
1714 1780 1779
1715 1716 1781
1715 1781 1780
1716 1717 1782
1716 1782 1781
1717 1718 1783
1717 1783 1782
1718 1719 1784
1718 1784 1783
1719 1720 1785
1719 1785 1784
1720 1721 1786
1720 1786 1785
1721 1722 1787
1721 1787 1786
1722 1723 1788
1722 1788 1787
1723 1724 1789
1723 1789 1788
1724 1725 1790
1724 1790 1789
1725 1726 1791
1725 1791 1790
1726 1727 1792
1726 1792 1791
1727 1728 1793
1727 1793 1792
1728 1729 1794
1728 1794 1793
1729 1730 1795
1729 1795 1794
1730 1731 1796
1730 1796 1795
1731 1732 1797
1731 1797 1796
1732 1733 1798
1732 1798 1797
1733 1734 1799
1733 1799 1798
1734 1735 1800
1734 1800 1799
1735 1736 1801
1735 1801 1800
1736 1737 1802
1736 1802 1801
1737 1738 1803
1737 1803 1802
1738 1739 1804
1738 1804 1803
1739 1740 1805
1739 1805 1804
1740 1741 1806
1740 1806 1805
1741 1742 1807
1741 1807 1806
1742 1743 1808
1742 1808 1807
1743 1744 1809
1743 1809 1808
1744 1745 1810
1744 1810 1809
1745 1746 1811
1745 1811 1810
1746 1747 1812
1746 1812 1811
1747 1748 1813
1747 1813 1812
1748 1749 1814
1748 1814 1813
1749 1750 1815
1749 1815 1814
1750 1751 1816
1750 1816 1815
1751 1752 1817
1751 1817 1816
1752 1753 1818
1752 1818 1817
1753 1754 1819
1753 1819 1818
1754 1755 1820
1754 1820 1819
1755 1756 1821
1755 1821 1820
1756 1757 1822
1756 1822 1821
1757 1758 1823
1757 1823 1822
1758 1759 1824
1758 1824 1823
1759 1760 1825
1759 1825 1824
1760 1761 1826
1760 1826 1825
1761 1762 1827
1761 1827 1826
1762 1763 1828
1762 1828 1827
1763 1764 1829
1763 1829 1828
1764 1765 1830
1764 1830 1829
1765 1766 1831
1765 1831 1830
1766 1767 1832
1766 1832 1831
1767 1768 1833
1767 1833 1832
1768 1769 1834
1768 1834 1833
1769 1770 1835
1769 1835 1834
1770 1771 1836
1770 1836 1835
1772 1773 1838
1772 1838 1837
1773 1774 1839
1773 1839 1838
1774 1775 1840
1774 1840 1839
1775 1776 1841
1775 1841 1840
1776 1777 1842
1776 1842 1841
1777 1778 1843
1777 1843 1842
1778 1779 1844
1778 1844 1843
1779 1780 1845
1779 1845 1844
1780 1781 1846
1780 1846 1845
1781 1782 1847
1781 1847 1846
1782 1783 1848
1782 1848 1847
1783 1784 1849
1783 1849 1848
1784 1785 1850
1784 1850 1849
1785 1786 1851
1785 1851 1850
1786 1787 1852
1786 1852 1851
1787 1788 1853
1787 1853 1852
1788 1789 1854
1788 1854 1853
1789 1790 1855
1789 1855 1854
1790 1791 1856
1790 1856 1855
1791 1792 1857
1791 1857 1856
1792 1793 1858
1792 1858 1857
1793 1794 1859
1793 1859 1858
1794 1795 1860
1794 1860 1859
1795 1796 1861
1795 1861 1860
1796 1797 1862
1796 1862 1861
1797 1798 1863
1797 1863 1862
1798 1799 1864
1798 1864 1863
1799 1800 1865
1799 1865 1864
1800 1801 1866
1800 1866 1865
1801 1802 1867
1801 1867 1866
1802 1803 1868
1802 1868 1867
1803 1804 1869
1803 1869 1868
1804 1805 1870
1804 1870 1869
1805 1806 1871
1805 1871 1870
1806 1807 1872
1806 1872 1871
1807 1808 1873
1807 1873 1872
1808 1809 1874
1808 1874 1873
1809 1810 1875
1809 1875 1874
1810 1811 1876
1810 1876 1875
1811 1812 1877
1811 1877 1876
1812 1813 1878
1812 1878 1877
1813 1814 1879
1813 1879 1878
1814 1815 1880
1814 1880 1879
1815 1816 1881
1815 1881 1880
1816 1817 1882
1816 1882 1881
1817 1818 1883
1817 1883 1882
1818 1819 1884
1818 1884 1883
1819 1820 1885
1819 1885 1884
1820 1821 1886
1820 1886 1885
1821 1822 1887
1821 1887 1886
1822 1823 1888
1822 1888 1887
1823 1824 1889
1823 1889 1888
1824 1825 1890
1824 1890 1889
1825 1826 1891
1825 1891 1890
1826 1827 1892
1826 1892 1891
1827 1828 1893
1827 1893 1892
1828 1829 1894
1828 1894 1893
1829 1830 1895
1829 1895 1894
1830 1831 1896
1830 1896 1895
1831 1832 1897
1831 1897 1896
1832 1833 1898
1832 1898 1897
1833 1834 1899
1833 1899 1898
1834 1835 1900
1834 1900 1899
1835 1836 1901
1835 1901 1900
1837 1838 1903
1837 1903 1902
1838 1839 1904
1838 1904 1903
1839 1840 1905
1839 1905 1904
1840 1841 1906
1840 1906 1905
1841 1842 1907
1841 1907 1906
1842 1843 1908
1842 1908 1907
1843 1844 1909
1843 1909 1908
1844 1845 1910
1844 1910 1909
1845 1846 1911
1845 1911 1910
1846 1847 1912
1846 1912 1911
1847 1848 1913
1847 1913 1912
1848 1849 1914
1848 1914 1913
1849 1850 1915
1849 1915 1914
1850 1851 1916
1850 1916 1915
1851 1852 1917
1851 1917 1916
1852 1853 1918
1852 1918 1917
1853 1854 1919
1853 1919 1918
1854 1855 1920
1854 1920 1919
1855 1856 1921
1855 1921 1920
1856 1857 1922
1856 1922 1921
1857 1858 1923
1857 1923 1922
1858 1859 1924
1858 1924 1923
1859 1860 1925
1859 1925 1924
1860 1861 1926
1860 1926 1925
1861 1862 1927
1861 1927 1926
1862 1863 1928
1862 1928 1927
1863 1864 1929
1863 1929 1928
1864 1865 1930
1864 1930 1929
1865 1866 1931
1865 1931 1930
1866 1867 1932
1866 1932 1931
1867 1868 1933
1867 1933 1932
1868 1869 1934
1868 1934 1933
1869 1870 1935
1869 1935 1934
1870 1871 1936
1870 1936 1935
1871 1872 1937
1871 1937 1936
1872 1873 1938
1872 1938 1937
1873 1874 1939
1873 1939 1938
1874 1875 1940
1874 1940 1939
1875 1876 1941
1875 1941 1940
1876 1877 1942
1876 1942 1941
1877 1878 1943
1877 1943 1942
1878 1879 1944
1878 1944 1943
1879 1880 1945
1879 1945 1944
1880 1881 1946
1880 1946 1945
1881 1882 1947
1881 1947 1946
1882 1883 1948
1882 1948 1947
1883 1884 1949
1883 1949 1948
1884 1885 1950
1884 1950 1949
1885 1886 1951
1885 1951 1950
1886 1887 1952
1886 1952 1951
1887 1888 1953
1887 1953 1952
1888 1889 1954
1888 1954 1953
1889 1890 1955
1889 1955 1954
1890 1891 1956
1890 1956 1955
1891 1892 1957
1891 1957 1956
1892 1893 1958
1892 1958 1957
1893 1894 1959
1893 1959 1958
1894 1895 1960
1894 1960 1959
1895 1896 1961
1895 1961 1960
1896 1897 1962
1896 1962 1961
1897 1898 1963
1897 1963 1962
1898 1899 1964
1898 1964 1963
1899 1900 1965
1899 1965 1964
1900 1901 1966
1900 1966 1965
1902 1903 1968
1902 1968 1967
1903 1904 1969
1903 1969 1968
1904 1905 1970
1904 1970 1969
1905 1906 1971
1905 1971 1970
1906 1907 1972
1906 1972 1971
1907 1908 1973
1907 1973 1972
1908 1909 1974
1908 1974 1973
1909 1910 1975
1909 1975 1974
1910 1911 1976
1910 1976 1975
1911 1912 1977
1911 1977 1976
1912 1913 1978
1912 1978 1977
1913 1914 1979
1913 1979 1978
1914 1915 1980
1914 1980 1979
1915 1916 1981
1915 1981 1980
1916 1917 1982
1916 1982 1981
1917 1918 1983
1917 1983 1982
1918 1919 1984
1918 1984 1983
1919 1920 1985
1919 1985 1984
1920 1921 1986
1920 1986 1985
1921 1922 1987
1921 1987 1986
1922 1923 1988
1922 1988 1987
1923 1924 1989
1923 1989 1988
1924 1925 1990
1924 1990 1989
1925 1926 1991
1925 1991 1990
1926 1927 1992
1926 1992 1991
1927 1928 1993
1927 1993 1992
1928 1929 1994
1928 1994 1993
1929 1930 1995
1929 1995 1994
1930 1931 1996
1930 1996 1995
1931 1932 1997
1931 1997 1996
1932 1933 1998
1932 1998 1997
1933 1934 1999
1933 1999 1998
1934 1935 2000
1934 2000 1999
1935 1936 2001
1935 2001 2000
1936 1937 2002
1936 2002 2001
1937 1938 2003
1937 2003 2002
1938 1939 2004
1938 2004 2003
1939 1940 2005
1939 2005 2004
1940 1941 2006
1940 2006 2005
1941 1942 2007
1941 2007 2006
1942 1943 2008
1942 2008 2007
1943 1944 2009
1943 2009 2008
1944 1945 2010
1944 2010 2009
1945 1946 2011
1945 2011 2010
1946 1947 2012
1946 2012 2011
1947 1948 2013
1947 2013 2012
1948 1949 2014
1948 2014 2013
1949 1950 2015
1949 2015 2014
1950 1951 2016
1950 2016 2015
1951 1952 2017
1951 2017 2016
1952 1953 2018
1952 2018 2017
1953 1954 2019
1953 2019 2018
1954 1955 2020
1954 2020 2019
1955 1956 2021
1955 2021 2020
1956 1957 2022
1956 2022 2021
1957 1958 2023
1957 2023 2022
1958 1959 2024
1958 2024 2023
1959 1960 2025
1959 2025 2024
1960 1961 2026
1960 2026 2025
1961 1962 2027
1961 2027 2026
1962 1963 2028
1962 2028 2027
1963 1964 2029
1963 2029 2028
1964 1965 2030
1964 2030 2029
1965 1966 2031
1965 2031 2030
1967 1968 2033
1967 2033 2032
1968 1969 2034
1968 2034 2033
1969 1970 2035
1969 2035 2034
1970 1971 2036
1970 2036 2035
1971 1972 2037
1971 2037 2036
1972 1973 2038
1972 2038 2037
1973 1974 2039
1973 2039 2038
1974 1975 2040
1974 2040 2039
1975 1976 2041
1975 2041 2040
1976 1977 2042
1976 2042 2041
1977 1978 2043
1977 2043 2042
1978 1979 2044
1978 2044 2043
1979 1980 2045
1979 2045 2044
1980 1981 2046
1980 2046 2045
1981 1982 2047
1981 2047 2046
1982 1983 2048
1982 2048 2047
1983 1984 2049
1983 2049 2048
1984 1985 2050
1984 2050 2049
1985 1986 2051
1985 2051 2050
1986 1987 2052
1986 2052 2051
1987 1988 2053
1987 2053 2052
1988 1989 2054
1988 2054 2053
1989 1990 2055
1989 2055 2054
1990 1991 2056
1990 2056 2055
1991 1992 2057
1991 2057 2056
1992 1993 2058
1992 2058 2057
1993 1994 2059
1993 2059 2058
1994 1995 2060
1994 2060 2059
1995 1996 2061
1995 2061 2060
1996 1997 2062
1996 2062 2061
1997 1998 2063
1997 2063 2062
1998 1999 2064
1998 2064 2063
1999 2000 2065
1999 2065 2064
2000 2001 2066
2000 2066 2065
2001 2002 2067
2001 2067 2066
2002 2003 2068
2002 2068 2067
2003 2004 2069
2003 2069 2068
2004 2005 2070
2004 2070 2069
2005 2006 2071
2005 2071 2070
2006 2007 2072
2006 2072 2071
2007 2008 2073
2007 2073 2072
2008 2009 2074
2008 2074 2073
2009 2010 2075
2009 2075 2074
2010 2011 2076
2010 2076 2075
2011 2012 2077
2011 2077 2076
2012 2013 2078
2012 2078 2077
2013 2014 2079
2013 2079 2078
2014 2015 2080
2014 2080 2079
2015 2016 2081
2015 2081 2080
2016 2017 2082
2016 2082 2081
2017 2018 2083
2017 2083 2082
2018 2019 2084
2018 2084 2083
2019 2020 2085
2019 2085 2084
2020 2021 2086
2020 2086 2085
2021 2022 2087
2021 2087 2086
2022 2023 2088
2022 2088 2087
2023 2024 2089
2023 2089 2088
2024 2025 2090
2024 2090 2089
2025 2026 2091
2025 2091 2090
2026 2027 2092
2026 2092 2091
2027 2028 2093
2027 2093 2092
2028 2029 2094
2028 2094 2093
2029 2030 2095
2029 2095 2094
2030 2031 2096
2030 2096 2095
2032 2033 2098
2032 2098 2097
2033 2034 2099
2033 2099 2098
2034 2035 2100
2034 2100 2099
2035 2036 2101
2035 2101 2100
2036 2037 2102
2036 2102 2101
2037 2038 2103
2037 2103 2102
2038 2039 2104
2038 2104 2103
2039 2040 2105
2039 2105 2104
2040 2041 2106
2040 2106 2105
2041 2042 2107
2041 2107 2106
2042 2043 2108
2042 2108 2107
2043 2044 2109
2043 2109 2108
2044 2045 2110
2044 2110 2109
2045 2046 2111
2045 2111 2110
2046 2047 2112
2046 2112 2111
2047 2048 2113
2047 2113 2112
2048 2049 2114
2048 2114 2113
2049 2050 2115
2049 2115 2114
2050 2051 2116
2050 2116 2115
2051 2052 2117
2051 2117 2116
2052 2053 2118
2052 2118 2117
2053 2054 2119
2053 2119 2118
2054 2055 2120
2054 2120 2119
2055 2056 2121
2055 2121 2120
2056 2057 2122
2056 2122 2121
2057 2058 2123
2057 2123 2122
2058 2059 2124
2058 2124 2123
2059 2060 2125
2059 2125 2124
2060 2061 2126
2060 2126 2125
2061 2062 2127
2061 2127 2126
2062 2063 2128
2062 2128 2127
2063 2064 2129
2063 2129 2128
2064 2065 2130
2064 2130 2129
2065 2066 2131
2065 2131 2130
2066 2067 2132
2066 2132 2131
2067 2068 2133
2067 2133 2132
2068 2069 2134
2068 2134 2133
2069 2070 2135
2069 2135 2134
2070 2071 2136
2070 2136 2135
2071 2072 2137
2071 2137 2136
2072 2073 2138
2072 2138 2137
2073 2074 2139
2073 2139 2138
2074 2075 2140
2074 2140 2139
2075 2076 2141
2075 2141 2140
2076 2077 2142
2076 2142 2141
2077 2078 2143
2077 2143 2142
2078 2079 2144
2078 2144 2143
2079 2080 2145
2079 2145 2144
2080 2081 2146
2080 2146 2145
2081 2082 2147
2081 2147 2146
2082 2083 2148
2082 2148 2147
2083 2084 2149
2083 2149 2148
2084 2085 2150
2084 2150 2149
2085 2086 2151
2085 2151 2150
2086 2087 2152
2086 2152 2151
2087 2088 2153
2087 2153 2152
2088 2089 2154
2088 2154 2153
2089 2090 2155
2089 2155 2154
2090 2091 2156
2090 2156 2155
2091 2092 2157
2091 2157 2156
2092 2093 2158
2092 2158 2157
2093 2094 2159
2093 2159 2158
2094 2095 2160
2094 2160 2159
2095 2096 2161
2095 2161 2160
2097 2098 2163
2097 2163 2162
2098 2099 2164
2098 2164 2163
2099 2100 2165
2099 2165 2164
2100 2101 2166
2100 2166 2165
2101 2102 2167
2101 2167 2166
2102 2103 2168
2102 2168 2167
2103 2104 2169
2103 2169 2168
2104 2105 2170
2104 2170 2169
2105 2106 2171
2105 2171 2170
2106 2107 2172
2106 2172 2171
2107 2108 2173
2107 2173 2172
2108 2109 2174
2108 2174 2173
2109 2110 2175
2109 2175 2174
2110 2111 2176
2110 2176 2175
2111 2112 2177
2111 2177 2176
2112 2113 2178
2112 2178 2177
2113 2114 2179
2113 2179 2178
2114 2115 2180
2114 2180 2179
2115 2116 2181
2115 2181 2180
2116 2117 2182
2116 2182 2181
2117 2118 2183
2117 2183 2182
2118 2119 2184
2118 2184 2183
2119 2120 2185
2119 2185 2184
2120 2121 2186
2120 2186 2185
2121 2122 2187
2121 2187 2186
2122 2123 2188
2122 2188 2187
2123 2124 2189
2123 2189 2188
2124 2125 2190
2124 2190 2189
2125 2126 2191
2125 2191 2190
2126 2127 2192
2126 2192 2191
2127 2128 2193
2127 2193 2192
2128 2129 2194
2128 2194 2193
2129 2130 2195
2129 2195 2194
2130 2131 2196
2130 2196 2195
2131 2132 2197
2131 2197 2196
2132 2133 2198
2132 2198 2197
2133 2134 2199
2133 2199 2198
2134 2135 2200
2134 2200 2199
2135 2136 2201
2135 2201 2200
2136 2137 2202
2136 2202 2201
2137 2138 2203
2137 2203 2202
2138 2139 2204
2138 2204 2203
2139 2140 2205
2139 2205 2204
2140 2141 2206
2140 2206 2205
2141 2142 2207
2141 2207 2206
2142 2143 2208
2142 2208 2207
2143 2144 2209
2143 2209 2208
2144 2145 2210
2144 2210 2209
2145 2146 2211
2145 2211 2210
2146 2147 2212
2146 2212 2211
2147 2148 2213
2147 2213 2212
2148 2149 2214
2148 2214 2213
2149 2150 2215
2149 2215 2214
2150 2151 2216
2150 2216 2215
2151 2152 2217
2151 2217 2216
2152 2153 2218
2152 2218 2217
2153 2154 2219
2153 2219 2218
2154 2155 2220
2154 2220 2219
2155 2156 2221
2155 2221 2220
2156 2157 2222
2156 2222 2221
2157 2158 2223
2157 2223 2222
2158 2159 2224
2158 2224 2223
2159 2160 2225
2159 2225 2224
2160 2161 2226
2160 2226 2225
2162 2163 2228
2162 2228 2227
2163 2164 2229
2163 2229 2228
2164 2165 2230
2164 2230 2229
2165 2166 2231
2165 2231 2230
2166 2167 2232
2166 2232 2231
2167 2168 2233
2167 2233 2232
2168 2169 2234
2168 2234 2233
2169 2170 2235
2169 2235 2234
2170 2171 2236
2170 2236 2235
2171 2172 2237
2171 2237 2236
2172 2173 2238
2172 2238 2237
2173 2174 2239
2173 2239 2238
2174 2175 2240
2174 2240 2239
2175 2176 2241
2175 2241 2240
2176 2177 2242
2176 2242 2241
2177 2178 2243
2177 2243 2242
2178 2179 2244
2178 2244 2243
2179 2180 2245
2179 2245 2244
2180 2181 2246
2180 2246 2245
2181 2182 2247
2181 2247 2246
2182 2183 2248
2182 2248 2247
2183 2184 2249
2183 2249 2248
2184 2185 2250
2184 2250 2249
2185 2186 2251
2185 2251 2250
2186 2187 2252
2186 2252 2251
2187 2188 2253
2187 2253 2252
2188 2189 2254
2188 2254 2253
2189 2190 2255
2189 2255 2254
2190 2191 2256
2190 2256 2255
2191 2192 2257
2191 2257 2256
2192 2193 2258
2192 2258 2257
2193 2194 2259
2193 2259 2258
2194 2195 2260
2194 2260 2259
2195 2196 2261
2195 2261 2260
2196 2197 2262
2196 2262 2261
2197 2198 2263
2197 2263 2262
2198 2199 2264
2198 2264 2263
2199 2200 2265
2199 2265 2264
2200 2201 2266
2200 2266 2265
2201 2202 2267
2201 2267 2266
2202 2203 2268
2202 2268 2267
2203 2204 2269
2203 2269 2268
2204 2205 2270
2204 2270 2269
2205 2206 2271
2205 2271 2270
2206 2207 2272
2206 2272 2271
2207 2208 2273
2207 2273 2272
2208 2209 2274
2208 2274 2273
2209 2210 2275
2209 2275 2274
2210 2211 2276
2210 2276 2275
2211 2212 2277
2211 2277 2276
2212 2213 2278
2212 2278 2277
2213 2214 2279
2213 2279 2278
2214 2215 2280
2214 2280 2279
2215 2216 2281
2215 2281 2280
2216 2217 2282
2216 2282 2281
2217 2218 2283
2217 2283 2282
2218 2219 2284
2218 2284 2283
2219 2220 2285
2219 2285 2284
2220 2221 2286
2220 2286 2285
2221 2222 2287
2221 2287 2286
2222 2223 2288
2222 2288 2287
2223 2224 2289
2223 2289 2288
2224 2225 2290
2224 2290 2289
2225 2226 2291
2225 2291 2290
2227 2228 2293
2227 2293 2292
2228 2229 2294
2228 2294 2293
2229 2230 2295
2229 2295 2294
2230 2231 2296
2230 2296 2295
2231 2232 2297
2231 2297 2296
2232 2233 2298
2232 2298 2297
2233 2234 2299
2233 2299 2298
2234 2235 2300
2234 2300 2299
2235 2236 2301
2235 2301 2300
2236 2237 2302
2236 2302 2301
2237 2238 2303
2237 2303 2302
2238 2239 2304
2238 2304 2303
2239 2240 2305
2239 2305 2304
2240 2241 2306
2240 2306 2305
2241 2242 2307
2241 2307 2306
2242 2243 2308
2242 2308 2307
2243 2244 2309
2243 2309 2308
2244 2245 2310
2244 2310 2309
2245 2246 2311
2245 2311 2310
2246 2247 2312
2246 2312 2311
2247 2248 2313
2247 2313 2312
2248 2249 2314
2248 2314 2313
2249 2250 2315
2249 2315 2314
2250 2251 2316
2250 2316 2315
2251 2252 2317
2251 2317 2316
2252 2253 2318
2252 2318 2317
2253 2254 2319
2253 2319 2318
2254 2255 2320
2254 2320 2319
2255 2256 2321
2255 2321 2320
2256 2257 2322
2256 2322 2321
2257 2258 2323
2257 2323 2322
2258 2259 2324
2258 2324 2323
2259 2260 2325
2259 2325 2324
2260 2261 2326
2260 2326 2325
2261 2262 2327
2261 2327 2326
2262 2263 2328
2262 2328 2327
2263 2264 2329
2263 2329 2328
2264 2265 2330
2264 2330 2329
2265 2266 2331
2265 2331 2330
2266 2267 2332
2266 2332 2331
2267 2268 2333
2267 2333 2332
2268 2269 2334
2268 2334 2333
2269 2270 2335
2269 2335 2334
2270 2271 2336
2270 2336 2335
2271 2272 2337
2271 2337 2336
2272 2273 2338
2272 2338 2337
2273 2274 2339
2273 2339 2338
2274 2275 2340
2274 2340 2339
2275 2276 2341
2275 2341 2340
2276 2277 2342
2276 2342 2341
2277 2278 2343
2277 2343 2342
2278 2279 2344
2278 2344 2343
2279 2280 2345
2279 2345 2344
2280 2281 2346
2280 2346 2345
2281 2282 2347
2281 2347 2346
2282 2283 2348
2282 2348 2347
2283 2284 2349
2283 2349 2348
2284 2285 2350
2284 2350 2349
2285 2286 2351
2285 2351 2350
2286 2287 2352
2286 2352 2351
2287 2288 2353
2287 2353 2352
2288 2289 2354
2288 2354 2353
2289 2290 2355
2289 2355 2354
2290 2291 2356
2290 2356 2355
2292 2293 2358
2292 2358 2357
2293 2294 2359
2293 2359 2358
2294 2295 2360
2294 2360 2359
2295 2296 2361
2295 2361 2360
2296 2297 2362
2296 2362 2361
2297 2298 2363
2297 2363 2362
2298 2299 2364
2298 2364 2363
2299 2300 2365
2299 2365 2364
2300 2301 2366
2300 2366 2365
2301 2302 2367
2301 2367 2366
2302 2303 2368
2302 2368 2367
2303 2304 2369
2303 2369 2368
2304 2305 2370
2304 2370 2369
2305 2306 2371
2305 2371 2370
2306 2307 2372
2306 2372 2371
2307 2308 2373
2307 2373 2372
2308 2309 2374
2308 2374 2373
2309 2310 2375
2309 2375 2374
2310 2311 2376
2310 2376 2375
2311 2312 2377
2311 2377 2376
2312 2313 2378
2312 2378 2377
2313 2314 2379
2313 2379 2378
2314 2315 2380
2314 2380 2379
2315 2316 2381
2315 2381 2380
2316 2317 2382
2316 2382 2381
2317 2318 2383
2317 2383 2382
2318 2319 2384
2318 2384 2383
2319 2320 2385
2319 2385 2384
2320 2321 2386
2320 2386 2385
2321 2322 2387
2321 2387 2386
2322 2323 2388
2322 2388 2387
2323 2324 2389
2323 2389 2388
2324 2325 2390
2324 2390 2389
2325 2326 2391
2325 2391 2390
2326 2327 2392
2326 2392 2391
2327 2328 2393
2327 2393 2392
2328 2329 2394
2328 2394 2393
2329 2330 2395
2329 2395 2394
2330 2331 2396
2330 2396 2395
2331 2332 2397
2331 2397 2396
2332 2333 2398
2332 2398 2397
2333 2334 2399
2333 2399 2398
2334 2335 2400
2334 2400 2399
2335 2336 2401
2335 2401 2400
2336 2337 2402
2336 2402 2401
2337 2338 2403
2337 2403 2402
2338 2339 2404
2338 2404 2403
2339 2340 2405
2339 2405 2404
2340 2341 2406
2340 2406 2405
2341 2342 2407
2341 2407 2406
2342 2343 2408
2342 2408 2407
2343 2344 2409
2343 2409 2408
2344 2345 2410
2344 2410 2409
2345 2346 2411
2345 2411 2410
2346 2347 2412
2346 2412 2411
2347 2348 2413
2347 2413 2412
2348 2349 2414
2348 2414 2413
2349 2350 2415
2349 2415 2414
2350 2351 2416
2350 2416 2415
2351 2352 2417
2351 2417 2416
2352 2353 2418
2352 2418 2417
2353 2354 2419
2353 2419 2418
2354 2355 2420
2354 2420 2419
2355 2356 2421
2355 2421 2420
2357 2358 2423
2357 2423 2422
2358 2359 2424
2358 2424 2423
2359 2360 2425
2359 2425 2424
2360 2361 2426
2360 2426 2425
2361 2362 2427
2361 2427 2426
2362 2363 2428
2362 2428 2427
2363 2364 2429
2363 2429 2428
2364 2365 2430
2364 2430 2429
2365 2366 2431
2365 2431 2430
2366 2367 2432
2366 2432 2431
2367 2368 2433
2367 2433 2432
2368 2369 2434
2368 2434 2433
2369 2370 2435
2369 2435 2434
2370 2371 2436
2370 2436 2435
2371 2372 2437
2371 2437 2436
2372 2373 2438
2372 2438 2437
2373 2374 2439
2373 2439 2438
2374 2375 2440
2374 2440 2439
2375 2376 2441
2375 2441 2440
2376 2377 2442
2376 2442 2441
2377 2378 2443
2377 2443 2442
2378 2379 2444
2378 2444 2443
2379 2380 2445
2379 2445 2444
2380 2381 2446
2380 2446 2445
2381 2382 2447
2381 2447 2446
2382 2383 2448
2382 2448 2447
2383 2384 2449
2383 2449 2448
2384 2385 2450
2384 2450 2449
2385 2386 2451
2385 2451 2450
2386 2387 2452
2386 2452 2451
2387 2388 2453
2387 2453 2452
2388 2389 2454
2388 2454 2453
2389 2390 2455
2389 2455 2454
2390 2391 2456
2390 2456 2455
2391 2392 2457
2391 2457 2456
2392 2393 2458
2392 2458 2457
2393 2394 2459
2393 2459 2458
2394 2395 2460
2394 2460 2459
2395 2396 2461
2395 2461 2460
2396 2397 2462
2396 2462 2461
2397 2398 2463
2397 2463 2462
2398 2399 2464
2398 2464 2463
2399 2400 2465
2399 2465 2464
2400 2401 2466
2400 2466 2465
2401 2402 2467
2401 2467 2466
2402 2403 2468
2402 2468 2467
2403 2404 2469
2403 2469 2468
2404 2405 2470
2404 2470 2469
2405 2406 2471
2405 2471 2470
2406 2407 2472
2406 2472 2471
2407 2408 2473
2407 2473 2472
2408 2409 2474
2408 2474 2473
2409 2410 2475
2409 2475 2474
2410 2411 2476
2410 2476 2475
2411 2412 2477
2411 2477 2476
2412 2413 2478
2412 2478 2477
2413 2414 2479
2413 2479 2478
2414 2415 2480
2414 2480 2479
2415 2416 2481
2415 2481 2480
2416 2417 2482
2416 2482 2481
2417 2418 2483
2417 2483 2482
2418 2419 2484
2418 2484 2483
2419 2420 2485
2419 2485 2484
2420 2421 2486
2420 2486 2485
2422 2423 2488
2422 2488 2487
2423 2424 2489
2423 2489 2488
2424 2425 2490
2424 2490 2489
2425 2426 2491
2425 2491 2490
2426 2427 2492
2426 2492 2491
2427 2428 2493
2427 2493 2492
2428 2429 2494
2428 2494 2493
2429 2430 2495
2429 2495 2494
2430 2431 2496
2430 2496 2495
2431 2432 2497
2431 2497 2496
2432 2433 2498
2432 2498 2497
2433 2434 2499
2433 2499 2498
2434 2435 2500
2434 2500 2499
2435 2436 2501
2435 2501 2500
2436 2437 2502
2436 2502 2501
2437 2438 2503
2437 2503 2502
2438 2439 2504
2438 2504 2503
2439 2440 2505
2439 2505 2504
2440 2441 2506
2440 2506 2505
2441 2442 2507
2441 2507 2506
2442 2443 2508
2442 2508 2507
2443 2444 2509
2443 2509 2508
2444 2445 2510
2444 2510 2509
2445 2446 2511
2445 2511 2510
2446 2447 2512
2446 2512 2511
2447 2448 2513
2447 2513 2512
2448 2449 2514
2448 2514 2513
2449 2450 2515
2449 2515 2514
2450 2451 2516
2450 2516 2515
2451 2452 2517
2451 2517 2516
2452 2453 2518
2452 2518 2517
2453 2454 2519
2453 2519 2518
2454 2455 2520
2454 2520 2519
2455 2456 2521
2455 2521 2520
2456 2457 2522
2456 2522 2521
2457 2458 2523
2457 2523 2522
2458 2459 2524
2458 2524 2523
2459 2460 2525
2459 2525 2524
2460 2461 2526
2460 2526 2525
2461 2462 2527
2461 2527 2526
2462 2463 2528
2462 2528 2527
2463 2464 2529
2463 2529 2528
2464 2465 2530
2464 2530 2529
2465 2466 2531
2465 2531 2530
2466 2467 2532
2466 2532 2531
2467 2468 2533
2467 2533 2532
2468 2469 2534
2468 2534 2533
2469 2470 2535
2469 2535 2534
2470 2471 2536
2470 2536 2535
2471 2472 2537
2471 2537 2536
2472 2473 2538
2472 2538 2537
2473 2474 2539
2473 2539 2538
2474 2475 2540
2474 2540 2539
2475 2476 2541
2475 2541 2540
2476 2477 2542
2476 2542 2541
2477 2478 2543
2477 2543 2542
2478 2479 2544
2478 2544 2543
2479 2480 2545
2479 2545 2544
2480 2481 2546
2480 2546 2545
2481 2482 2547
2481 2547 2546
2482 2483 2548
2482 2548 2547
2483 2484 2549
2483 2549 2548
2484 2485 2550
2484 2550 2549
2485 2486 2551
2485 2551 2550
2487 2488 2553
2487 2553 2552
2488 2489 2554
2488 2554 2553
2489 2490 2555
2489 2555 2554
2490 2491 2556
2490 2556 2555
2491 2492 2557
2491 2557 2556
2492 2493 2558
2492 2558 2557
2493 2494 2559
2493 2559 2558
2494 2495 2560
2494 2560 2559
2495 2496 2561
2495 2561 2560
2496 2497 2562
2496 2562 2561
2497 2498 2563
2497 2563 2562
2498 2499 2564
2498 2564 2563
2499 2500 2565
2499 2565 2564
2500 2501 2566
2500 2566 2565
2501 2502 2567
2501 2567 2566
2502 2503 2568
2502 2568 2567
2503 2504 2569
2503 2569 2568
2504 2505 2570
2504 2570 2569
2505 2506 2571
2505 2571 2570
2506 2507 2572
2506 2572 2571
2507 2508 2573
2507 2573 2572
2508 2509 2574
2508 2574 2573
2509 2510 2575
2509 2575 2574
2510 2511 2576
2510 2576 2575
2511 2512 2577
2511 2577 2576
2512 2513 2578
2512 2578 2577
2513 2514 2579
2513 2579 2578
2514 2515 2580
2514 2580 2579
2515 2516 2581
2515 2581 2580
2516 2517 2582
2516 2582 2581
2517 2518 2583
2517 2583 2582
2518 2519 2584
2518 2584 2583
2519 2520 2585
2519 2585 2584
2520 2521 2586
2520 2586 2585
2521 2522 2587
2521 2587 2586
2522 2523 2588
2522 2588 2587
2523 2524 2589
2523 2589 2588
2524 2525 2590
2524 2590 2589
2525 2526 2591
2525 2591 2590
2526 2527 2592
2526 2592 2591
2527 2528 2593
2527 2593 2592
2528 2529 2594
2528 2594 2593
2529 2530 2595
2529 2595 2594
2530 2531 2596
2530 2596 2595
2531 2532 2597
2531 2597 2596
2532 2533 2598
2532 2598 2597
2533 2534 2599
2533 2599 2598
2534 2535 2600
2534 2600 2599
2535 2536 2601
2535 2601 2600
2536 2537 2602
2536 2602 2601
2537 2538 2603
2537 2603 2602
2538 2539 2604
2538 2604 2603
2539 2540 2605
2539 2605 2604
2540 2541 2606
2540 2606 2605
2541 2542 2607
2541 2607 2606
2542 2543 2608
2542 2608 2607
2543 2544 2609
2543 2609 2608
2544 2545 2610
2544 2610 2609
2545 2546 2611
2545 2611 2610
2546 2547 2612
2546 2612 2611
2547 2548 2613
2547 2613 2612
2548 2549 2614
2548 2614 2613
2549 2550 2615
2549 2615 2614
2550 2551 2616
2550 2616 2615
2552 2553 2618
2552 2618 2617
2553 2554 2619
2553 2619 2618
2554 2555 2620
2554 2620 2619
2555 2556 2621
2555 2621 2620
2556 2557 2622
2556 2622 2621
2557 2558 2623
2557 2623 2622
2558 2559 2624
2558 2624 2623
2559 2560 2625
2559 2625 2624
2560 2561 2626
2560 2626 2625
2561 2562 2627
2561 2627 2626
2562 2563 2628
2562 2628 2627
2563 2564 2629
2563 2629 2628
2564 2565 2630
2564 2630 2629
2565 2566 2631
2565 2631 2630
2566 2567 2632
2566 2632 2631
2567 2568 2633
2567 2633 2632
2568 2569 2634
2568 2634 2633
2569 2570 2635
2569 2635 2634
2570 2571 2636
2570 2636 2635
2571 2572 2637
2571 2637 2636
2572 2573 2638
2572 2638 2637
2573 2574 2639
2573 2639 2638
2574 2575 2640
2574 2640 2639
2575 2576 2641
2575 2641 2640
2576 2577 2642
2576 2642 2641
2577 2578 2643
2577 2643 2642
2578 2579 2644
2578 2644 2643
2579 2580 2645
2579 2645 2644
2580 2581 2646
2580 2646 2645
2581 2582 2647
2581 2647 2646
2582 2583 2648
2582 2648 2647
2583 2584 2649
2583 2649 2648
2584 2585 2650
2584 2650 2649
2585 2586 2651
2585 2651 2650
2586 2587 2652
2586 2652 2651
2587 2588 2653
2587 2653 2652
2588 2589 2654
2588 2654 2653
2589 2590 2655
2589 2655 2654
2590 2591 2656
2590 2656 2655
2591 2592 2657
2591 2657 2656
2592 2593 2658
2592 2658 2657
2593 2594 2659
2593 2659 2658
2594 2595 2660
2594 2660 2659
2595 2596 2661
2595 2661 2660
2596 2597 2662
2596 2662 2661
2597 2598 2663
2597 2663 2662
2598 2599 2664
2598 2664 2663
2599 2600 2665
2599 2665 2664
2600 2601 2666
2600 2666 2665
2601 2602 2667
2601 2667 2666
2602 2603 2668
2602 2668 2667
2603 2604 2669
2603 2669 2668
2604 2605 2670
2604 2670 2669
2605 2606 2671
2605 2671 2670
2606 2607 2672
2606 2672 2671
2607 2608 2673
2607 2673 2672
2608 2609 2674
2608 2674 2673
2609 2610 2675
2609 2675 2674
2610 2611 2676
2610 2676 2675
2611 2612 2677
2611 2677 2676
2612 2613 2678
2612 2678 2677
2613 2614 2679
2613 2679 2678
2614 2615 2680
2614 2680 2679
2615 2616 2681
2615 2681 2680
2617 2618 2683
2617 2683 2682
2618 2619 2684
2618 2684 2683
2619 2620 2685
2619 2685 2684
2620 2621 2686
2620 2686 2685
2621 2622 2687
2621 2687 2686
2622 2623 2688
2622 2688 2687
2623 2624 2689
2623 2689 2688
2624 2625 2690
2624 2690 2689
2625 2626 2691
2625 2691 2690
2626 2627 2692
2626 2692 2691
2627 2628 2693
2627 2693 2692
2628 2629 2694
2628 2694 2693
2629 2630 2695
2629 2695 2694
2630 2631 2696
2630 2696 2695
2631 2632 2697
2631 2697 2696
2632 2633 2698
2632 2698 2697
2633 2634 2699
2633 2699 2698
2634 2635 2700
2634 2700 2699
2635 2636 2701
2635 2701 2700
2636 2637 2702
2636 2702 2701
2637 2638 2703
2637 2703 2702
2638 2639 2704
2638 2704 2703
2639 2640 2705
2639 2705 2704
2640 2641 2706
2640 2706 2705
2641 2642 2707
2641 2707 2706
2642 2643 2708
2642 2708 2707
2643 2644 2709
2643 2709 2708
2644 2645 2710
2644 2710 2709
2645 2646 2711
2645 2711 2710
2646 2647 2712
2646 2712 2711
2647 2648 2713
2647 2713 2712
2648 2649 2714
2648 2714 2713
2649 2650 2715
2649 2715 2714
2650 2651 2716
2650 2716 2715
2651 2652 2717
2651 2717 2716
2652 2653 2718
2652 2718 2717
2653 2654 2719
2653 2719 2718
2654 2655 2720
2654 2720 2719
2655 2656 2721
2655 2721 2720
2656 2657 2722
2656 2722 2721
2657 2658 2723
2657 2723 2722
2658 2659 2724
2658 2724 2723
2659 2660 2725
2659 2725 2724
2660 2661 2726
2660 2726 2725
2661 2662 2727
2661 2727 2726
2662 2663 2728
2662 2728 2727
2663 2664 2729
2663 2729 2728
2664 2665 2730
2664 2730 2729
2665 2666 2731
2665 2731 2730
2666 2667 2732
2666 2732 2731
2667 2668 2733
2667 2733 2732
2668 2669 2734
2668 2734 2733
2669 2670 2735
2669 2735 2734
2670 2671 2736
2670 2736 2735
2671 2672 2737
2671 2737 2736
2672 2673 2738
2672 2738 2737
2673 2674 2739
2673 2739 2738
2674 2675 2740
2674 2740 2739
2675 2676 2741
2675 2741 2740
2676 2677 2742
2676 2742 2741
2677 2678 2743
2677 2743 2742
2678 2679 2744
2678 2744 2743
2679 2680 2745
2679 2745 2744
2680 2681 2746
2680 2746 2745
2682 2683 2748
2682 2748 2747
2683 2684 2749
2683 2749 2748
2684 2685 2750
2684 2750 2749
2685 2686 2751
2685 2751 2750
2686 2687 2752
2686 2752 2751
2687 2688 2753
2687 2753 2752
2688 2689 2754
2688 2754 2753
2689 2690 2755
2689 2755 2754
2690 2691 2756
2690 2756 2755
2691 2692 2757
2691 2757 2756
2692 2693 2758
2692 2758 2757
2693 2694 2759
2693 2759 2758
2694 2695 2760
2694 2760 2759
2695 2696 2761
2695 2761 2760
2696 2697 2762
2696 2762 2761
2697 2698 2763
2697 2763 2762
2698 2699 2764
2698 2764 2763
2699 2700 2765
2699 2765 2764
2700 2701 2766
2700 2766 2765
2701 2702 2767
2701 2767 2766
2702 2703 2768
2702 2768 2767
2703 2704 2769
2703 2769 2768
2704 2705 2770
2704 2770 2769
2705 2706 2771
2705 2771 2770
2706 2707 2772
2706 2772 2771
2707 2708 2773
2707 2773 2772
2708 2709 2774
2708 2774 2773
2709 2710 2775
2709 2775 2774
2710 2711 2776
2710 2776 2775
2711 2712 2777
2711 2777 2776
2712 2713 2778
2712 2778 2777
2713 2714 2779
2713 2779 2778
2714 2715 2780
2714 2780 2779
2715 2716 2781
2715 2781 2780
2716 2717 2782
2716 2782 2781
2717 2718 2783
2717 2783 2782
2718 2719 2784
2718 2784 2783
2719 2720 2785
2719 2785 2784
2720 2721 2786
2720 2786 2785
2721 2722 2787
2721 2787 2786
2722 2723 2788
2722 2788 2787
2723 2724 2789
2723 2789 2788
2724 2725 2790
2724 2790 2789
2725 2726 2791
2725 2791 2790
2726 2727 2792
2726 2792 2791
2727 2728 2793
2727 2793 2792
2728 2729 2794
2728 2794 2793
2729 2730 2795
2729 2795 2794
2730 2731 2796
2730 2796 2795
2731 2732 2797
2731 2797 2796
2732 2733 2798
2732 2798 2797
2733 2734 2799
2733 2799 2798
2734 2735 2800
2734 2800 2799
2735 2736 2801
2735 2801 2800
2736 2737 2802
2736 2802 2801
2737 2738 2803
2737 2803 2802
2738 2739 2804
2738 2804 2803
2739 2740 2805
2739 2805 2804
2740 2741 2806
2740 2806 2805
2741 2742 2807
2741 2807 2806
2742 2743 2808
2742 2808 2807
2743 2744 2809
2743 2809 2808
2744 2745 2810
2744 2810 2809
2745 2746 2811
2745 2811 2810
2747 2748 2813
2747 2813 2812
2748 2749 2814
2748 2814 2813
2749 2750 2815
2749 2815 2814
2750 2751 2816
2750 2816 2815
2751 2752 2817
2751 2817 2816
2752 2753 2818
2752 2818 2817
2753 2754 2819
2753 2819 2818
2754 2755 2820
2754 2820 2819
2755 2756 2821
2755 2821 2820
2756 2757 2822
2756 2822 2821
2757 2758 2823
2757 2823 2822
2758 2759 2824
2758 2824 2823
2759 2760 2825
2759 2825 2824
2760 2761 2826
2760 2826 2825
2761 2762 2827
2761 2827 2826
2762 2763 2828
2762 2828 2827
2763 2764 2829
2763 2829 2828
2764 2765 2830
2764 2830 2829
2765 2766 2831
2765 2831 2830
2766 2767 2832
2766 2832 2831
2767 2768 2833
2767 2833 2832
2768 2769 2834
2768 2834 2833
2769 2770 2835
2769 2835 2834
2770 2771 2836
2770 2836 2835
2771 2772 2837
2771 2837 2836
2772 2773 2838
2772 2838 2837
2773 2774 2839
2773 2839 2838
2774 2775 2840
2774 2840 2839
2775 2776 2841
2775 2841 2840
2776 2777 2842
2776 2842 2841
2777 2778 2843
2777 2843 2842
2778 2779 2844
2778 2844 2843
2779 2780 2845
2779 2845 2844
2780 2781 2846
2780 2846 2845
2781 2782 2847
2781 2847 2846
2782 2783 2848
2782 2848 2847
2783 2784 2849
2783 2849 2848
2784 2785 2850
2784 2850 2849
2785 2786 2851
2785 2851 2850
2786 2787 2852
2786 2852 2851
2787 2788 2853
2787 2853 2852
2788 2789 2854
2788 2854 2853
2789 2790 2855
2789 2855 2854
2790 2791 2856
2790 2856 2855
2791 2792 2857
2791 2857 2856
2792 2793 2858
2792 2858 2857
2793 2794 2859
2793 2859 2858
2794 2795 2860
2794 2860 2859
2795 2796 2861
2795 2861 2860
2796 2797 2862
2796 2862 2861
2797 2798 2863
2797 2863 2862
2798 2799 2864
2798 2864 2863
2799 2800 2865
2799 2865 2864
2800 2801 2866
2800 2866 2865
2801 2802 2867
2801 2867 2866
2802 2803 2868
2802 2868 2867
2803 2804 2869
2803 2869 2868
2804 2805 2870
2804 2870 2869
2805 2806 2871
2805 2871 2870
2806 2807 2872
2806 2872 2871
2807 2808 2873
2807 2873 2872
2808 2809 2874
2808 2874 2873
2809 2810 2875
2809 2875 2874
2810 2811 2876
2810 2876 2875
2812 2813 2878
2812 2878 2877
2813 2814 2879
2813 2879 2878
2814 2815 2880
2814 2880 2879
2815 2816 2881
2815 2881 2880
2816 2817 2882
2816 2882 2881
2817 2818 2883
2817 2883 2882
2818 2819 2884
2818 2884 2883
2819 2820 2885
2819 2885 2884
2820 2821 2886
2820 2886 2885
2821 2822 2887
2821 2887 2886
2822 2823 2888
2822 2888 2887
2823 2824 2889
2823 2889 2888
2824 2825 2890
2824 2890 2889
2825 2826 2891
2825 2891 2890
2826 2827 2892
2826 2892 2891
2827 2828 2893
2827 2893 2892
2828 2829 2894
2828 2894 2893
2829 2830 2895
2829 2895 2894
2830 2831 2896
2830 2896 2895
2831 2832 2897
2831 2897 2896
2832 2833 2898
2832 2898 2897
2833 2834 2899
2833 2899 2898
2834 2835 2900
2834 2900 2899
2835 2836 2901
2835 2901 2900
2836 2837 2902
2836 2902 2901
2837 2838 2903
2837 2903 2902
2838 2839 2904
2838 2904 2903
2839 2840 2905
2839 2905 2904
2840 2841 2906
2840 2906 2905
2841 2842 2907
2841 2907 2906
2842 2843 2908
2842 2908 2907
2843 2844 2909
2843 2909 2908
2844 2845 2910
2844 2910 2909
2845 2846 2911
2845 2911 2910
2846 2847 2912
2846 2912 2911
2847 2848 2913
2847 2913 2912
2848 2849 2914
2848 2914 2913
2849 2850 2915
2849 2915 2914
2850 2851 2916
2850 2916 2915
2851 2852 2917
2851 2917 2916
2852 2853 2918
2852 2918 2917
2853 2854 2919
2853 2919 2918
2854 2855 2920
2854 2920 2919
2855 2856 2921
2855 2921 2920
2856 2857 2922
2856 2922 2921
2857 2858 2923
2857 2923 2922
2858 2859 2924
2858 2924 2923
2859 2860 2925
2859 2925 2924
2860 2861 2926
2860 2926 2925
2861 2862 2927
2861 2927 2926
2862 2863 2928
2862 2928 2927
2863 2864 2929
2863 2929 2928
2864 2865 2930
2864 2930 2929
2865 2866 2931
2865 2931 2930
2866 2867 2932
2866 2932 2931
2867 2868 2933
2867 2933 2932
2868 2869 2934
2868 2934 2933
2869 2870 2935
2869 2935 2934
2870 2871 2936
2870 2936 2935
2871 2872 2937
2871 2937 2936
2872 2873 2938
2872 2938 2937
2873 2874 2939
2873 2939 2938
2874 2875 2940
2874 2940 2939
2875 2876 2941
2875 2941 2940
2877 2878 2943
2877 2943 2942
2878 2879 2944
2878 2944 2943
2879 2880 2945
2879 2945 2944
2880 2881 2946
2880 2946 2945
2881 2882 2947
2881 2947 2946
2882 2883 2948
2882 2948 2947
2883 2884 2949
2883 2949 2948
2884 2885 2950
2884 2950 2949
2885 2886 2951
2885 2951 2950
2886 2887 2952
2886 2952 2951
2887 2888 2953
2887 2953 2952
2888 2889 2954
2888 2954 2953
2889 2890 2955
2889 2955 2954
2890 2891 2956
2890 2956 2955
2891 2892 2957
2891 2957 2956
2892 2893 2958
2892 2958 2957
2893 2894 2959
2893 2959 2958
2894 2895 2960
2894 2960 2959
2895 2896 2961
2895 2961 2960
2896 2897 2962
2896 2962 2961
2897 2898 2963
2897 2963 2962
2898 2899 2964
2898 2964 2963
2899 2900 2965
2899 2965 2964
2900 2901 2966
2900 2966 2965
2901 2902 2967
2901 2967 2966
2902 2903 2968
2902 2968 2967
2903 2904 2969
2903 2969 2968
2904 2905 2970
2904 2970 2969
2905 2906 2971
2905 2971 2970
2906 2907 2972
2906 2972 2971
2907 2908 2973
2907 2973 2972
2908 2909 2974
2908 2974 2973
2909 2910 2975
2909 2975 2974
2910 2911 2976
2910 2976 2975
2911 2912 2977
2911 2977 2976
2912 2913 2978
2912 2978 2977
2913 2914 2979
2913 2979 2978
2914 2915 2980
2914 2980 2979
2915 2916 2981
2915 2981 2980
2916 2917 2982
2916 2982 2981
2917 2918 2983
2917 2983 2982
2918 2919 2984
2918 2984 2983
2919 2920 2985
2919 2985 2984
2920 2921 2986
2920 2986 2985
2921 2922 2987
2921 2987 2986
2922 2923 2988
2922 2988 2987
2923 2924 2989
2923 2989 2988
2924 2925 2990
2924 2990 2989
2925 2926 2991
2925 2991 2990
2926 2927 2992
2926 2992 2991
2927 2928 2993
2927 2993 2992
2928 2929 2994
2928 2994 2993
2929 2930 2995
2929 2995 2994
2930 2931 2996
2930 2996 2995
2931 2932 2997
2931 2997 2996
2932 2933 2998
2932 2998 2997
2933 2934 2999
2933 2999 2998
2934 2935 3000
2934 3000 2999
2935 2936 3001
2935 3001 3000
2936 2937 3002
2936 3002 3001
2937 2938 3003
2937 3003 3002
2938 2939 3004
2938 3004 3003
2939 2940 3005
2939 3005 3004
2940 2941 3006
2940 3006 3005
2942 2943 3008
2942 3008 3007
2943 2944 3009
2943 3009 3008
2944 2945 3010
2944 3010 3009
2945 2946 3011
2945 3011 3010
2946 2947 3012
2946 3012 3011
2947 2948 3013
2947 3013 3012
2948 2949 3014
2948 3014 3013
2949 2950 3015
2949 3015 3014
2950 2951 3016
2950 3016 3015
2951 2952 3017
2951 3017 3016
2952 2953 3018
2952 3018 3017
2953 2954 3019
2953 3019 3018
2954 2955 3020
2954 3020 3019
2955 2956 3021
2955 3021 3020
2956 2957 3022
2956 3022 3021
2957 2958 3023
2957 3023 3022
2958 2959 3024
2958 3024 3023
2959 2960 3025
2959 3025 3024
2960 2961 3026
2960 3026 3025
2961 2962 3027
2961 3027 3026
2962 2963 3028
2962 3028 3027
2963 2964 3029
2963 3029 3028
2964 2965 3030
2964 3030 3029
2965 2966 3031
2965 3031 3030
2966 2967 3032
2966 3032 3031
2967 2968 3033
2967 3033 3032
2968 2969 3034
2968 3034 3033
2969 2970 3035
2969 3035 3034
2970 2971 3036
2970 3036 3035
2971 2972 3037
2971 3037 3036
2972 2973 3038
2972 3038 3037
2973 2974 3039
2973 3039 3038
2974 2975 3040
2974 3040 3039
2975 2976 3041
2975 3041 3040
2976 2977 3042
2976 3042 3041
2977 2978 3043
2977 3043 3042
2978 2979 3044
2978 3044 3043
2979 2980 3045
2979 3045 3044
2980 2981 3046
2980 3046 3045
2981 2982 3047
2981 3047 3046
2982 2983 3048
2982 3048 3047
2983 2984 3049
2983 3049 3048
2984 2985 3050
2984 3050 3049
2985 2986 3051
2985 3051 3050
2986 2987 3052
2986 3052 3051
2987 2988 3053
2987 3053 3052
2988 2989 3054
2988 3054 3053
2989 2990 3055
2989 3055 3054
2990 2991 3056
2990 3056 3055
2991 2992 3057
2991 3057 3056
2992 2993 3058
2992 3058 3057
2993 2994 3059
2993 3059 3058
2994 2995 3060
2994 3060 3059
2995 2996 3061
2995 3061 3060
2996 2997 3062
2996 3062 3061
2997 2998 3063
2997 3063 3062
2998 2999 3064
2998 3064 3063
2999 3000 3065
2999 3065 3064
3000 3001 3066
3000 3066 3065
3001 3002 3067
3001 3067 3066
3002 3003 3068
3002 3068 3067
3003 3004 3069
3003 3069 3068
3004 3005 3070
3004 3070 3069
3005 3006 3071
3005 3071 3070
3007 3008 3073
3007 3073 3072
3008 3009 3074
3008 3074 3073
3009 3010 3075
3009 3075 3074
3010 3011 3076
3010 3076 3075
3011 3012 3077
3011 3077 3076
3012 3013 3078
3012 3078 3077
3013 3014 3079
3013 3079 3078
3014 3015 3080
3014 3080 3079
3015 3016 3081
3015 3081 3080
3016 3017 3082
3016 3082 3081
3017 3018 3083
3017 3083 3082
3018 3019 3084
3018 3084 3083
3019 3020 3085
3019 3085 3084
3020 3021 3086
3020 3086 3085
3021 3022 3087
3021 3087 3086
3022 3023 3088
3022 3088 3087
3023 3024 3089
3023 3089 3088
3024 3025 3090
3024 3090 3089
3025 3026 3091
3025 3091 3090
3026 3027 3092
3026 3092 3091
3027 3028 3093
3027 3093 3092
3028 3029 3094
3028 3094 3093
3029 3030 3095
3029 3095 3094
3030 3031 3096
3030 3096 3095
3031 3032 3097
3031 3097 3096
3032 3033 3098
3032 3098 3097
3033 3034 3099
3033 3099 3098
3034 3035 3100
3034 3100 3099
3035 3036 3101
3035 3101 3100
3036 3037 3102
3036 3102 3101
3037 3038 3103
3037 3103 3102
3038 3039 3104
3038 3104 3103
3039 3040 3105
3039 3105 3104
3040 3041 3106
3040 3106 3105
3041 3042 3107
3041 3107 3106
3042 3043 3108
3042 3108 3107
3043 3044 3109
3043 3109 3108
3044 3045 3110
3044 3110 3109
3045 3046 3111
3045 3111 3110
3046 3047 3112
3046 3112 3111
3047 3048 3113
3047 3113 3112
3048 3049 3114
3048 3114 3113
3049 3050 3115
3049 3115 3114
3050 3051 3116
3050 3116 3115
3051 3052 3117
3051 3117 3116
3052 3053 3118
3052 3118 3117
3053 3054 3119
3053 3119 3118
3054 3055 3120
3054 3120 3119
3055 3056 3121
3055 3121 3120
3056 3057 3122
3056 3122 3121
3057 3058 3123
3057 3123 3122
3058 3059 3124
3058 3124 3123
3059 3060 3125
3059 3125 3124
3060 3061 3126
3060 3126 3125
3061 3062 3127
3061 3127 3126
3062 3063 3128
3062 3128 3127
3063 3064 3129
3063 3129 3128
3064 3065 3130
3064 3130 3129
3065 3066 3131
3065 3131 3130
3066 3067 3132
3066 3132 3131
3067 3068 3133
3067 3133 3132
3068 3069 3134
3068 3134 3133
3069 3070 3135
3069 3135 3134
3070 3071 3136
3070 3136 3135
3072 3073 3138
3072 3138 3137
3073 3074 3139
3073 3139 3138
3074 3075 3140
3074 3140 3139
3075 3076 3141
3075 3141 3140
3076 3077 3142
3076 3142 3141
3077 3078 3143
3077 3143 3142
3078 3079 3144
3078 3144 3143
3079 3080 3145
3079 3145 3144
3080 3081 3146
3080 3146 3145
3081 3082 3147
3081 3147 3146
3082 3083 3148
3082 3148 3147
3083 3084 3149
3083 3149 3148
3084 3085 3150
3084 3150 3149
3085 3086 3151
3085 3151 3150
3086 3087 3152
3086 3152 3151
3087 3088 3153
3087 3153 3152
3088 3089 3154
3088 3154 3153
3089 3090 3155
3089 3155 3154
3090 3091 3156
3090 3156 3155
3091 3092 3157
3091 3157 3156
3092 3093 3158
3092 3158 3157
3093 3094 3159
3093 3159 3158
3094 3095 3160
3094 3160 3159
3095 3096 3161
3095 3161 3160
3096 3097 3162
3096 3162 3161
3097 3098 3163
3097 3163 3162
3098 3099 3164
3098 3164 3163
3099 3100 3165
3099 3165 3164
3100 3101 3166
3100 3166 3165
3101 3102 3167
3101 3167 3166
3102 3103 3168
3102 3168 3167
3103 3104 3169
3103 3169 3168
3104 3105 3170
3104 3170 3169
3105 3106 3171
3105 3171 3170
3106 3107 3172
3106 3172 3171
3107 3108 3173
3107 3173 3172
3108 3109 3174
3108 3174 3173
3109 3110 3175
3109 3175 3174
3110 3111 3176
3110 3176 3175
3111 3112 3177
3111 3177 3176
3112 3113 3178
3112 3178 3177
3113 3114 3179
3113 3179 3178
3114 3115 3180
3114 3180 3179
3115 3116 3181
3115 3181 3180
3116 3117 3182
3116 3182 3181
3117 3118 3183
3117 3183 3182
3118 3119 3184
3118 3184 3183
3119 3120 3185
3119 3185 3184
3120 3121 3186
3120 3186 3185
3121 3122 3187
3121 3187 3186
3122 3123 3188
3122 3188 3187
3123 3124 3189
3123 3189 3188
3124 3125 3190
3124 3190 3189
3125 3126 3191
3125 3191 3190
3126 3127 3192
3126 3192 3191
3127 3128 3193
3127 3193 3192
3128 3129 3194
3128 3194 3193
3129 3130 3195
3129 3195 3194
3130 3131 3196
3130 3196 3195
3131 3132 3197
3131 3197 3196
3132 3133 3198
3132 3198 3197
3133 3134 3199
3133 3199 3198
3134 3135 3200
3134 3200 3199
3135 3136 3201
3135 3201 3200
