1 2
1 66
2 3
3 4
4 5
5 6
6 7
7 8
8 9
9 10
10 11
11 12
12 13
13 14
14 15
15 16
16 17
17 18
18 19
19 20
20 21
21 22
22 23
23 24
24 25
25 26
26 27
27 28
28 29
29 30
30 31
31 32
32 33
33 34
34 35
35 36
36 37
37 38
38 39
39 40
40 41
41 42
42 43
43 44
44 45
45 46
46 47
47 48
48 49
49 50
50 51
51 52
52 53
53 54
54 55
55 56
56 57
57 58
58 59
59 60
60 61
61 62
62 63
63 64
64 65
65 130
66 131
130 195
131 196
195 260
196 261
260 325
261 326
325 390
326 391
390 455
391 456
455 520
456 521
520 585
521 586
585 650
586 651
650 715
651 716
715 780
716 781
780 845
781 846
845 910
846 911
910 975
911 976
975 1040
976 1041
1040 1105
1041 1106
1105 1170
1106 1171
1170 1235
1171 1236
1235 1300
1236 1301
1300 1365
1301 1366
1365 1430
1366 1431
1430 1495
1431 1496
1495 1560
1496 1561
1560 1625
1561 1626
1625 1690
1626 1691
1690 1755
1691 1756
1755 1820
1756 1821
1820 1885
1821 1886
1885 1950
1886 1951
1950 2015
1951 2016
2015 2080
2016 2081
2080 2145
2081 2146
2145 2210
2146 2211
2210 2275
2211 2276
2275 2340
2276 2341
2340 2405
2341 2406
2405 2470
2406 2471
2470 2535
2471 2536
2535 2600
2536 2601
2600 2665
2601 2666
2665 2730
2666 2731
2730 2795
2731 2796
2795 2860
2796 2861
2860 2925
2861 2926
2925 2990
2926 2991
2990 3055
2991 3056
3055 3120
3056 3121
3120 3185
3121 3186
3185 3250
3186 3251
3250 3315
3251 3316
3315 3380
3316 3381
3380 3445
3381 3446
3445 3510
3446 3511
3510 3575
3511 3576
3575 3640
3576 3641
3640 3705
3641 3706
3705 3770
3706 3771
3770 3835
3771 3836
3835 3900
3836 3901
3900 3965
3901 3966
3965 4030
3966 4031
4030 4095
4031 4096
4095 4160
4096 4161
4160 4225
4161 4162
4162 4163
4163 4164
4164 4165
4165 4166
4166 4167
4167 4168
4168 4169
4169 4170
4170 4171
4171 4172
4172 4173
4173 4174
4174 4175
4175 4176
4176 4177
4177 4178
4178 4179
4179 4180
4180 4181
4181 4182
4182 4183
4183 4184
4184 4185
4185 4186
4186 4187
4187 4188
4188 4189
4189 4190
4190 4191
4191 4192
4192 4193
4193 4194
4194 4195
4195 4196
4196 4197
4197 4198
4198 4199
4199 4200
4200 4201
4201 4202
4202 4203
4203 4204
4204 4205
4205 4206
4206 4207
4207 4208
4208 4209
4209 4210
4210 4211
4211 4212
4212 4213
4213 4214
4214 4215
4215 4216
4216 4217
4217 4218
4218 4219
4219 4220
4220 4221
4221 4222
4222 4223
4223 4224
4224 4225
