1 2
1 18
2 3
3 4
4 5
5 6
6 7
7 8
8 9
9 10
10 11
11 12
12 13
13 14
14 15
15 16
16 17
17 34
18 35
34 51
35 52
51 68
52 69
68 85
69 86
85 102
86 103
102 119
103 120
119 136
120 137
136 153
137 154
145 146
145 290
146 147
147 148
148 149
149 150
150 151
151 152
152 153
154 171
170 187
170 297
171 188
187 204
188 205
204 221
205 222
221 238
222 239
238 255
239 256
255 272
256 273
272 289
273 274
274 275
275 276
276 277
277 278
278 279
279 280
280 281
281 282
282 283
283 284
284 285
285 286
286 287
287 288
288 289
290 291
291 292
292 293
293 294
294 295
295 296
296 297
