1 2
1 34
2 3
3 4
4 5
5 6
6 7
7 8
8 9
9 10
10 11
11 12
12 13
13 14
14 15
15 16
16 17
17 18
18 19
19 20
20 21
21 22
22 23
23 24
24 25
25 26
26 27
27 28
28 29
29 30
30 31
31 32
32 33
33 65
34 66
65 96
66 97
96 126
97 127
126 155
127 156
155 183
156 184
183 210
184 211
210 236
211 237
236 261
237 262
261 285
262 286
285 308
286 309
308 330
309 331
330 351
331 352
351 371
352 372
371 390
372 391
390 408
391 409
408 425
409 426
425 441
426 442
441 456
442 457
456 470
457 471
470 483
471 484
483 495
484 496
495 506
496 507
506 516
507 517
516 525
517 526
525 533
526 534
533 540
534 541
540 546
541 547
546 551
547 552
551 555
552 556
555 558
556 559
558 560
559 561
560 561
