1 2
1 34
2 3
2 34
2 35
3 4
3 35
3 36
4 5
4 36
4 37
5 6
5 37
5 38
6 7
6 38
6 39
7 8
7 39
7 40
8 9
8 40
8 41
9 10
9 41
9 42
10 11
10 42
10 43
11 12
11 43
11 44
12 13
12 44
12 45
13 14
13 45
13 46
14 15
14 46
14 47
15 16
15 47
15 48
16 17
16 48
16 49
17 18
17 49
17 50
18 19
18 50
18 51
19 20
19 51
19 52
20 21
20 52
20 53
21 22
21 53
21 54
22 23
22 54
22 55
23 24
23 55
23 56
24 25
24 56
24 57
25 26
25 57
25 58
26 27
26 58
26 59
27 28
27 59
27 60
28 29
28 60
28 61
29 30
29 61
29 62
30 31
30 62
30 63
31 32
31 63
31 64
32 33
32 64
32 65
33 65
34 35
34 66
35 36
35 66
35 67
36 37
36 67
36 68
37 38
37 68
37 69
38 39
38 69
38 70
39 40
39 70
39 71
40 41
40 71
40 72
41 42
41 72
41 73
42 43
42 73
42 74
43 44
43 74
43 75
44 45
44 75
44 76
45 46
45 76
45 77
46 47
46 77
46 78
47 48
47 78
47 79
48 49
48 79
48 80
49 50
49 80
49 81
50 51
50 81
50 82
51 52
51 82
51 83
52 53
52 83
52 84
53 54
53 84
53 85
54 55
54 85
54 86
55 56
55 86
55 87
56 57
56 87
56 88
57 58
57 88
57 89
58 59
58 89
58 90
59 60
59 90
59 91
60 61
60 91
60 92
61 62
61 92
61 93
62 63
62 93
62 94
63 64
63 94
63 95
64 65
64 95
64 96
65 96
66 67
66 97
67 68
67 97
67 98
68 69
68 98
68 99
69 70
69 99
69 100
70 71
70 100
70 101
71 72
71 101
71 102
72 73
72 102
72 103
73 74
73 103
73 104
74 75
74 104
74 105
75 76
75 105
75 106
76 77
76 106
76 107
77 78
77 107
77 108
78 79
78 108
78 109
79 80
79 109
79 110
80 81
80 110
80 111
81 82
81 111
81 112
82 83
82 112
82 113
83 84
83 113
83 114
84 85
84 114
84 115
85 86
85 115
85 116
86 87
86 116
86 117
87 88
87 117
87 118
88 89
88 118
88 119
89 90
89 119
89 120
90 91
90 120
90 121
91 92
91 121
91 122
92 93
92 122
92 123
93 94
93 123
93 124
94 95
94 124
94 125
95 96
95 125
95 126
96 126
97 98
97 127
98 99
98 127
98 128
99 100
99 128
99 129
100 101
100 129
100 130
101 102
101 130
101 131
102 103
102 131
102 132
103 104
103 132
103 133
104 105
104 133
104 134
105 106
105 134
105 135
106 107
106 135
106 136
107 108
107 136
107 137
108 109
108 137
108 138
109 110
109 138
109 139
110 111
110 139
110 140
111 112
111 140
111 141
112 113
112 141
112 142
113 114
113 142
113 143
114 115
114 143
114 144
115 116
115 144
115 145
116 117
116 145
116 146
117 118
117 146
117 147
118 119
118 147
118 148
119 120
119 148
119 149
120 121
120 149
120 150
121 122
121 150
121 151
122 123
122 151
122 152
123 124
123 152
123 153
124 125
124 153
124 154
125 126
125 154
125 155
126 155
127 128
127 156
128 129
128 156
128 157
129 130
129 157
129 158
130 131
130 158
130 159
131 132
131 159
131 160
132 133
132 160
132 161
133 134
133 161
133 162
134 135
134 162
134 163
135 136
135 163
135 164
136 137
136 164
136 165
137 138
137 165
137 166
138 139
138 166
138 167
139 140
139 167
139 168
140 141
140 168
140 169
141 142
141 169
141 170
142 143
142 170
142 171
143 144
143 171
143 172
144 145
144 172
144 173
145 146
145 173
145 174
146 147
146 174
146 175
147 148
147 175
147 176
148 149
148 176
148 177
149 150
149 177
149 178
150 151
150 178
150 179
151 152
151 179
151 180
152 153
152 180
152 181
153 154
153 181
153 182
154 155
154 182
154 183
155 183
156 157
156 184
157 158
157 184
157 185
158 159
158 185
158 186
159 160
159 186
159 187
160 161
160 187
160 188
161 162
161 188
161 189
162 163
162 189
162 190
163 164
163 190
163 191
164 165
164 191
164 192
165 166
165 192
165 193
166 167
166 193
166 194
167 168
167 194
167 195
168 169
168 195
168 196
169 170
169 196
169 197
170 171
170 197
170 198
171 172
171 198
171 199
172 173
172 199
172 200
173 174
173 200
173 201
174 175
174 201
174 202
175 176
175 202
175 203
176 177
176 203
176 204
177 178
177 204
177 205
178 179
178 205
178 206
179 180
179 206
179 207
180 181
180 207
180 208
181 182
181 208
181 209
182 183
182 209
182 210
183 210
184 185
184 211
185 186
185 211
185 212
186 187
186 212
186 213
187 188
187 213
187 214
188 189
188 214
188 215
189 190
189 215
189 216
190 191
190 216
190 217
191 192
191 217
191 218
192 193
192 218
192 219
193 194
193 219
193 220
194 195
194 220
194 221
195 196
195 221
195 222
196 197
196 222
196 223
197 198
197 223
197 224
198 199
198 224
198 225
199 200
199 225
199 226
200 201
200 226
200 227
201 202
201 227
201 228
202 203
202 228
202 229
203 204
203 229
203 230
204 205
204 230
204 231
205 206
205 231
205 232
206 207
206 232
206 233
207 208
207 233
207 234
208 209
208 234
208 235
209 210
209 235
209 236
210 236
211 212
211 237
212 213
212 237
212 238
213 214
213 238
213 239
214 215
214 239
214 240
215 216
215 240
215 241
216 217
216 241
216 242
217 218
217 242
217 243
218 219
218 243
218 244
219 220
219 244
219 245
220 221
220 245
220 246
221 222
221 246
221 247
222 223
222 247
222 248
223 224
223 248
223 249
224 225
224 249
224 250
225 226
225 250
225 251
226 227
226 251
226 252
227 228
227 252
227 253
228 229
228 253
228 254
229 230
229 254
229 255
230 231
230 255
230 256
231 232
231 256
231 257
232 233
232 257
232 258
233 234
233 258
233 259
234 235
234 259
234 260
235 236
235 260
235 261
236 261
237 238
237 262
238 239
238 262
238 263
239 240
239 263
239 264
240 241
240 264
240 265
241 242
241 265
241 266
242 243
242 266
242 267
243 244
243 267
243 268
244 245
244 268
244 269
245 246
245 269
245 270
246 247
246 270
246 271
247 248
247 271
247 272
248 249
248 272
248 273
249 250
249 273
249 274
250 251
250 274
250 275
251 252
251 275
251 276
252 253
252 276
252 277
253 254
253 277
253 278
254 255
254 278
254 279
255 256
255 279
255 280
256 257
256 280
256 281
257 258
257 281
257 282
258 259
258 282
258 283
259 260
259 283
259 284
260 261
260 284
260 285
261 285
262 263
262 286
263 264
263 286
263 287
264 265
264 287
264 288
265 266
265 288
265 289
266 267
266 289
266 290
267 268
267 290
267 291
268 269
268 291
268 292
269 270
269 292
269 293
270 271
270 293
270 294
271 272
271 294
271 295
272 273
272 295
272 296
273 274
273 296
273 297
274 275
274 297
274 298
275 276
275 298
275 299
276 277
276 299
276 300
277 278
277 300
277 301
278 279
278 301
278 302
279 280
279 302
279 303
280 281
280 303
280 304
281 282
281 304
281 305
282 283
282 305
282 306
283 284
283 306
283 307
284 285
284 307
284 308
285 308
286 287
286 309
287 288
287 309
287 310
288 289
288 310
288 311
289 290
289 311
289 312
290 291
290 312
290 313
291 292
291 313
291 314
292 293
292 314
292 315
293 294
293 315
293 316
294 295
294 316
294 317
295 296
295 317
295 318
296 297
296 318
296 319
297 298
297 319
297 320
298 299
298 320
298 321
299 300
299 321
299 322
300 301
300 322
300 323
301 302
301 323
301 324
302 303
302 324
302 325
303 304
303 325
303 326
304 305
304 326
304 327
305 306
305 327
305 328
306 307
306 328
306 329
307 308
307 329
307 330
308 330
309 310
309 331
310 311
310 331
310 332
311 312
311 332
311 333
312 313
312 333
312 334
313 314
313 334
313 335
314 315
314 335
314 336
315 316
315 336
315 337
316 317
316 337
316 338
317 318
317 338
317 339
318 319
318 339
318 340
319 320
319 340
319 341
320 321
320 341
320 342
321 322
321 342
321 343
322 323
322 343
322 344
323 324
323 344
323 345
324 325
324 345
324 346
325 326
325 346
325 347
326 327
326 347
326 348
327 328
327 348
327 349
328 329
328 349
328 350
329 330
329 350
329 351
330 351
331 332
331 352
332 333
332 352
332 353
333 334
333 353
333 354
334 335
334 354
334 355
335 336
335 355
335 356
336 337
336 356
336 357
337 338
337 357
337 358
338 339
338 358
338 359
339 340
339 359
339 360
340 341
340 360
340 361
341 342
341 361
341 362
342 343
342 362
342 363
343 344
343 363
343 364
344 345
344 364
344 365
345 346
345 365
345 366
346 347
346 366
346 367
347 348
347 367
347 368
348 349
348 368
348 369
349 350
349 369
349 370
350 351
350 370
350 371
351 371
352 353
352 372
353 354
353 372
353 373
354 355
354 373
354 374
355 356
355 374
355 375
356 357
356 375
356 376
357 358
357 376
357 377
358 359
358 377
358 378
359 360
359 378
359 379
360 361
360 379
360 380
361 362
361 380
361 381
362 363
362 381
362 382
363 364
363 382
363 383
364 365
364 383
364 384
365 366
365 384
365 385
366 367
366 385
366 386
367 368
367 386
367 387
368 369
368 387
368 388
369 370
369 388
369 389
370 371
370 389
370 390
371 390
372 373
372 391
373 374
373 391
373 392
374 375
374 392
374 393
375 376
375 393
375 394
376 377
376 394
376 395
377 378
377 395
377 396
378 379
378 396
378 397
379 380
379 397
379 398
380 381
380 398
380 399
381 382
381 399
381 400
382 383
382 400
382 401
383 384
383 401
383 402
384 385
384 402
384 403
385 386
385 403
385 404
386 387
386 404
386 405
387 388
387 405
387 406
388 389
388 406
388 407
389 390
389 407
389 408
390 408
391 392
391 409
392 393
392 409
392 410
393 394
393 410
393 411
394 395
394 411
394 412
395 396
395 412
395 413
396 397
396 413
396 414
397 398
397 414
397 415
398 399
398 415
398 416
399 400
399 416
399 417
400 401
400 417
400 418
401 402
401 418
401 419
402 403
402 419
402 420
403 404
403 420
403 421
404 405
404 421
404 422
405 406
405 422
405 423
406 407
406 423
406 424
407 408
407 424
407 425
408 425
409 410
409 426
410 411
410 426
410 427
411 412
411 427
411 428
412 413
412 428
412 429
413 414
413 429
413 430
414 415
414 430
414 431
415 416
415 431
415 432
416 417
416 432
416 433
417 418
417 433
417 434
418 419
418 434
418 435
419 420
419 435
419 436
420 421
420 436
420 437
421 422
421 437
421 438
422 423
422 438
422 439
423 424
423 439
423 440
424 425
424 440
424 441
425 441
426 427
426 442
427 428
427 442
427 443
428 429
428 443
428 444
429 430
429 444
429 445
430 431
430 445
430 446
431 432
431 446
431 447
432 433
432 447
432 448
433 434
433 448
433 449
434 435
434 449
434 450
435 436
435 450
435 451
436 437
436 451
436 452
437 438
437 452
437 453
438 439
438 453
438 454
439 440
439 454
439 455
440 441
440 455
440 456
441 456
442 443
442 457
443 444
443 457
443 458
444 445
444 458
444 459
445 446
445 459
445 460
446 447
446 460
446 461
447 448
447 461
447 462
448 449
448 462
448 463
449 450
449 463
449 464
450 451
450 464
450 465
451 452
451 465
451 466
452 453
452 466
452 467
453 454
453 467
453 468
454 455
454 468
454 469
455 456
455 469
455 470
456 470
457 458
457 471
458 459
458 471
458 472
459 460
459 472
459 473
460 461
460 473
460 474
461 462
461 474
461 475
462 463
462 475
462 476
463 464
463 476
463 477
464 465
464 477
464 478
465 466
465 478
465 479
466 467
466 479
466 480
467 468
467 480
467 481
468 469
468 481
468 482
469 470
469 482
469 483
470 483
471 472
471 484
472 473
472 484
472 485
473 474
473 485
473 486
474 475
474 486
474 487
475 476
475 487
475 488
476 477
476 488
476 489
477 478
477 489
477 490
478 479
478 490
478 491
479 480
479 491
479 492
480 481
480 492
480 493
481 482
481 493
481 494
482 483
482 494
482 495
483 495
484 485
484 496
485 486
485 496
485 497
486 487
486 497
486 498
487 488
487 498
487 499
488 489
488 499
488 500
489 490
489 500
489 501
490 491
490 501
490 502
491 492
491 502
491 503
492 493
492 503
492 504
493 494
493 504
493 505
494 495
494 505
494 506
495 506
496 497
496 507
497 498
497 507
497 508
498 499
498 508
498 509
499 500
499 509
499 510
500 501
500 510
500 511
501 502
501 511
501 512
502 503
502 512
502 513
503 504
503 513
503 514
504 505
504 514
504 515
505 506
505 515
505 516
506 516
507 508
507 517
508 509
508 517
508 518
509 510
509 518
509 519
510 511
510 519
510 520
511 512
511 520
511 521
512 513
512 521
512 522
513 514
513 522
513 523
514 515
514 523
514 524
515 516
515 524
515 525
516 525
517 518
517 526
518 519
518 526
518 527
519 520
519 527
519 528
520 521
520 528
520 529
521 522
521 529
521 530
522 523
522 530
522 531
523 524
523 531
523 532
524 525
524 532
524 533
525 533
526 527
526 534
527 528
527 534
527 535
528 529
528 535
528 536
529 530
529 536
529 537
530 531
530 537
530 538
531 532
531 538
531 539
532 533
532 539
532 540
533 540
534 535
534 541
535 536
535 541
535 542
536 537
536 542
536 543
537 538
537 543
537 544
538 539
538 544
538 545
539 540
539 545
539 546
540 546
541 542
541 547
542 543
542 547
542 548
543 544
543 548
543 549
544 545
544 549
544 550
545 546
545 550
545 551
546 551
547 548
547 552
548 549
548 552
548 553
549 550
549 553
549 554
550 551
550 554
550 555
551 555
552 553
552 556
553 554
553 556
553 557
554 555
554 557
554 558
555 558
556 557
556 559
557 558
557 559
557 560
558 560
559 560
559 561
560 561
