1 2 34
2 35 34
2 3 35
3 36 35
3 4 36
4 37 36
4 5 37
5 38 37
5 6 38
6 39 38
6 7 39
7 40 39
7 8 40
8 41 40
8 9 41
9 42 41
9 10 42
10 43 42
10 11 43
11 44 43
11 12 44
12 45 44
12 13 45
13 46 45
13 14 46
14 47 46
14 15 47
15 48 47
15 16 48
16 49 48
16 17 49
17 50 49
17 18 50
18 51 50
18 19 51
19 52 51
19 20 52
20 53 52
20 21 53
21 54 53
21 22 54
22 55 54
22 23 55
23 56 55
23 24 56
24 57 56
24 25 57
25 58 57
25 26 58
26 59 58
26 27 59
27 60 59
27 28 60
28 61 60
28 29 61
29 62 61
29 30 62
30 63 62
30 31 63
31 64 63
31 32 64
32 65 64
32 33 65
34 35 66
35 67 66
35 36 67
36 68 67
36 37 68
37 69 68
37 38 69
38 70 69
38 39 70
39 71 70
39 40 71
40 72 71
40 41 72
41 73 72
41 42 73
42 74 73
42 43 74
43 75 74
43 44 75
44 76 75
44 45 76
45 77 76
45 46 77
46 78 77
46 47 78
47 79 78
47 48 79
48 80 79
48 49 80
49 81 80
49 50 81
50 82 81
50 51 82
51 83 82
51 52 83
52 84 83
52 53 84
53 85 84
53 54 85
54 86 85
54 55 86
55 87 86
55 56 87
56 88 87
56 57 88
57 89 88
57 58 89
58 90 89
58 59 90
59 91 90
59 60 91
60 92 91
60 61 92
61 93 92
61 62 93
62 94 93
62 63 94
63 95 94
63 64 95
64 96 95
64 65 96
66 67 97
67 98 97
67 68 98
68 99 98
68 69 99
69 100 99
69 70 100
70 101 100
70 71 101
71 102 101
71 72 102
72 103 102
72 73 103
73 104 103
73 74 104
74 105 104
74 75 105
75 106 105
75 76 106
76 107 106
76 77 107
77 108 107
77 78 108
78 109 108
78 79 109
79 110 109
79 80 110
80 111 110
80 81 111
81 112 111
81 82 112
82 113 112
82 83 113
83 114 113
83 84 114
84 115 114
84 85 115
85 116 115
85 86 116
86 117 116
86 87 117
87 118 117
87 88 118
88 119 118
88 89 119
89 120 119
89 90 120
90 121 120
90 91 121
91 122 121
91 92 122
92 123 122
92 93 123
93 124 123
93 94 124
94 125 124
94 95 125
95 126 125
95 96 126
97 98 127
98 128 127
98 99 128
99 129 128
99 100 129
100 130 129
100 101 130
101 131 130
101 102 131
102 132 131
102 103 132
103 133 132
103 104 133
104 134 133
104 105 134
105 135 134
105 106 135
106 136 135
106 107 136
107 137 136
107 108 137
108 138 137
108 109 138
109 139 138
109 110 139
110 140 139
110 111 140
111 141 140
111 112 141
112 142 141
112 113 142
113 143 142
113 114 143
114 144 143
114 115 144
115 145 144
115 116 145
116 146 145
116 117 146
117 147 146
117 118 147
118 148 147
118 119 148
119 149 148
119 120 149
120 150 149
120 121 150
121 151 150
121 122 151
122 152 151
122 123 152
123 153 152
123 124 153
124 154 153
124 125 154
125 155 154
125 126 155
127 128 156
128 157 156
128 129 157
129 158 157
129 130 158
130 159 158
130 131 159
131 160 159
131 132 160
132 161 160
132 133 161
133 162 161
133 134 162
134 163 162
134 135 163
135 164 163
135 136 164
136 165 164
136 137 165
137 166 165
137 138 166
138 167 166
138 139 167
139 168 167
139 140 168
140 169 168
140 141 169
141 170 169
141 142 170
142 171 170
142 143 171
143 172 171
143 144 172
144 173 172
144 145 173
145 174 173
145 146 174
146 175 174
146 147 175
147 176 175
147 148 176
148 177 176
148 149 177
149 178 177
149 150 178
150 179 178
150 151 179
151 180 179
151 152 180
152 181 180
152 153 181
153 182 181
153 154 182
154 183 182
154 155 183
156 157 184
157 185 184
157 158 185
158 186 185
158 159 186
159 187 186
159 160 187
160 188 187
160 161 188
161 189 188
161 162 189
162 190 189
162 163 190
163 191 190
163 164 191
164 192 191
164 165 192
165 193 192
165 166 193
166 194 193
166 167 194
167 195 194
167 168 195
168 196 195
168 169 196
169 197 196
169 170 197
170 198 197
170 171 198
171 199 198
171 172 199
172 200 199
172 173 200
173 201 200
173 174 201
174 202 201
174 175 202
175 203 202
175 176 203
176 204 203
176 177 204
177 205 204
177 178 205
178 206 205
178 179 206
179 207 206
179 180 207
180 208 207
180 181 208
181 209 208
181 182 209
182 210 209
182 183 210
184 185 211
185 212 211
185 186 212
186 213 212
186 187 213
187 214 213
187 188 214
188 215 214
188 189 215
189 216 215
189 190 216
190 217 216
190 191 217
191 218 217
191 192 218
192 219 218
192 193 219
193 220 219
193 194 220
194 221 220
194 195 221
195 222 221
195 196 222
196 223 222
196 197 223
197 224 223
197 198 224
198 225 224
198 199 225
199 226 225
199 200 226
200 227 226
200 201 227
201 228 227
201 202 228
202 229 228
202 203 229
203 230 229
203 204 230
204 231 230
204 205 231
205 232 231
205 206 232
206 233 232
206 207 233
207 234 233
207 208 234
208 235 234
208 209 235
209 236 235
209 210 236
211 212 237
212 238 237
212 213 238
213 239 238
213 214 239
214 240 239
214 215 240
215 241 240
215 216 241
216 242 241
216 217 242
217 243 242
217 218 243
218 244 243
218 219 244
219 245 244
219 220 245
220 246 245
220 221 246
221 247 246
221 222 247
222 248 247
222 223 248
223 249 248
223 224 249
224 250 249
224 225 250
225 251 250
225 226 251
226 252 251
226 227 252
227 253 252
227 228 253
228 254 253
228 229 254
229 255 254
229 230 255
230 256 255
230 231 256
231 257 256
231 232 257
232 258 257
232 233 258
233 259 258
233 234 259
234 260 259
234 235 260
235 261 260
235 236 261
237 238 262
238 263 262
238 239 263
239 264 263
239 240 264
240 265 264
240 241 265
241 266 265
241 242 266
242 267 266
242 243 267
243 268 267
243 244 268
244 269 268
244 245 269
245 270 269
245 246 270
246 271 270
246 247 271
247 272 271
247 248 272
248 273 272
248 249 273
249 274 273
249 250 274
250 275 274
250 251 275
251 276 275
251 252 276
252 277 276
252 253 277
253 278 277
253 254 278
254 279 278
254 255 279
255 280 279
255 256 280
256 281 280
256 257 281
257 282 281
257 258 282
258 283 282
258 259 283
259 284 283
259 260 284
260 285 284
260 261 285
262 263 286
263 287 286
263 264 287
264 288 287
264 265 288
265 289 288
265 266 289
266 290 289
266 267 290
267 291 290
267 268 291
268 292 291
268 269 292
269 293 292
269 270 293
270 294 293
270 271 294
271 295 294
271 272 295
272 296 295
272 273 296
273 297 296
273 274 297
274 298 297
274 275 298
275 299 298
275 276 299
276 300 299
276 277 300
277 301 300
277 278 301
278 302 301
278 279 302
279 303 302
279 280 303
280 304 303
280 281 304
281 305 304
281 282 305
282 306 305
282 283 306
283 307 306
283 284 307
284 308 307
284 285 308
286 287 309
287 310 309
287 288 310
288 311 310
288 289 311
289 312 311
289 290 312
290 313 312
290 291 313
291 314 313
291 292 314
292 315 314
292 293 315
293 316 315
293 294 316
294 317 316
294 295 317
295 318 317
295 296 318
296 319 318
296 297 319
297 320 319
297 298 320
298 321 320
298 299 321
299 322 321
299 300 322
300 323 322
300 301 323
301 324 323
301 302 324
302 325 324
302 303 325
303 326 325
303 304 326
304 327 326
304 305 327
305 328 327
305 306 328
306 329 328
306 307 329
307 330 329
307 308 330
309 310 331
310 332 331
310 311 332
311 333 332
311 312 333
312 334 333
312 313 334
313 335 334
313 314 335
314 336 335
314 315 336
315 337 336
315 316 337
316 338 337
316 317 338
317 339 338
317 318 339
318 340 339
318 319 340
319 341 340
319 320 341
320 342 341
320 321 342
321 343 342
321 322 343
322 344 343
322 323 344
323 345 344
323 324 345
324 346 345
324 325 346
325 347 346
325 326 347
326 348 347
326 327 348
327 349 348
327 328 349
328 350 349
328 329 350
329 351 350
329 330 351
331 332 352
332 353 352
332 333 353
333 354 353
333 334 354
334 355 354
334 335 355
335 356 355
335 336 356
336 357 356
336 337 357
337 358 357
337 338 358
338 359 358
338 339 359
339 360 359
339 340 360
340 361 360
340 341 361
341 362 361
341 342 362
342 363 362
342 343 363
343 364 363
343 344 364
344 365 364
344 345 365
345 366 365
345 346 366
346 367 366
346 347 367
347 368 367
347 348 368
348 369 368
348 349 369
349 370 369
349 350 370
350 371 370
350 351 371
352 353 372
353 373 372
353 354 373
354 374 373
354 355 374
355 375 374
355 356 375
356 376 375
356 357 376
357 377 376
357 358 377
358 378 377
358 359 378
359 379 378
359 360 379
360 380 379
360 361 380
361 381 380
361 362 381
362 382 381
362 363 382
363 383 382
363 364 383
364 384 383
364 365 384
365 385 384
365 366 385
366 386 385
366 367 386
367 387 386
367 368 387
368 388 387
368 369 388
369 389 388
369 370 389
370 390 389
370 371 390
372 373 391
373 392 391
373 374 392
374 393 392
374 375 393
375 394 393
375 376 394
376 395 394
376 377 395
377 396 395
377 378 396
378 397 396
378 379 397
379 398 397
379 380 398
380 399 398
380 381 399
381 400 399
381 382 400
382 401 400
382 383 401
383 402 401
383 384 402
384 403 402
384 385 403
385 404 403
385 386 404
386 405 404
386 387 405
387 406 405
387 388 406
388 407 406
388 389 407
389 408 407
389 390 408
391 392 409
392 410 409
392 393 410
393 411 410
393 394 411
394 412 411
394 395 412
395 413 412
395 396 413
396 414 413
396 397 414
397 415 414
397 398 415
398 416 415
398 399 416
399 417 416
399 400 417
400 418 417
400 401 418
401 419 418
401 402 419
402 420 419
402 403 420
403 421 420
403 404 421
404 422 421
404 405 422
405 423 422
405 406 423
406 424 423
406 407 424
407 425 424
407 408 425
409 410 426
410 427 426
410 411 427
411 428 427
411 412 428
412 429 428
412 413 429
413 430 429
413 414 430
414 431 430
414 415 431
415 432 431
415 416 432
416 433 432
416 417 433
417 434 433
417 418 434
418 435 434
418 419 435
419 436 435
419 420 436
420 437 436
420 421 437
421 438 437
421 422 438
422 439 438
422 423 439
423 440 439
423 424 440
424 441 440
424 425 441
426 427 442
427 443 442
427 428 443
428 444 443
428 429 444
429 445 444
429 430 445
430 446 445
430 431 446
431 447 446
431 432 447
432 448 447
432 433 448
433 449 448
433 434 449
434 450 449
434 435 450
435 451 450
435 436 451
436 452 451
436 437 452
437 453 452
437 438 453
438 454 453
438 439 454
439 455 454
439 440 455
440 456 455
440 441 456
442 443 457
443 458 457
443 444 458
444 459 458
444 445 459
445 460 459
445 446 460
446 461 460
446 447 461
447 462 461
447 448 462
448 463 462
448 449 463
449 464 463
449 450 464
450 465 464
450 451 465
451 466 465
451 452 466
452 467 466
452 453 467
453 468 467
453 454 468
454 469 468
454 455 469
455 470 469
455 456 470
457 458 471
458 472 471
458 459 472
459 473 472
459 460 473
460 474 473
460 461 474
461 475 474
461 462 475
462 476 475
462 463 476
463 477 476
463 464 477
464 478 477
464 465 478
465 479 478
465 466 479
466 480 479
466 467 480
467 481 480
467 468 481
468 482 481
468 469 482
469 483 482
469 470 483
471 472 484
472 485 484
472 473 485
473 486 485
473 474 486
474 487 486
474 475 487
475 488 487
475 476 488
476 489 488
476 477 489
477 490 489
477 478 490
478 491 490
478 479 491
479 492 491
479 480 492
480 493 492
480 481 493
481 494 493
481 482 494
482 495 494
482 483 495
484 485 496
485 497 496
485 486 497
486 498 497
486 487 498
487 499 498
487 488 499
488 500 499
488 489 500
489 501 500
489 490 501
490 502 501
490 491 502
491 503 502
491 492 503
492 504 503
492 493 504
493 505 504
493 494 505
494 506 505
494 495 506
496 497 507
497 508 507
497 498 508
498 509 508
498 499 509
499 510 509
499 500 510
500 511 510
500 501 511
501 512 511
501 502 512
502 513 512
502 503 513
503 514 513
503 504 514
504 515 514
504 505 515
505 516 515
505 506 516
507 508 517
508 518 517
508 509 518
509 519 518
509 510 519
510 520 519
510 511 520
511 521 520
511 512 521
512 522 521
512 513 522
513 523 522
513 514 523
514 524 523
514 515 524
515 525 524
515 516 525
517 518 526
518 527 526
518 519 527
519 528 527
519 520 528
520 529 528
520 521 529
521 530 529
521 522 530
522 531 530
522 523 531
523 532 531
523 524 532
524 533 532
524 525 533
526 527 534
527 535 534
527 528 535
528 536 535
528 529 536
529 537 536
529 530 537
530 538 537
530 531 538
531 539 538
531 532 539
532 540 539
532 533 540
534 535 541
535 542 541
535 536 542
536 543 542
536 537 543
537 544 543
537 538 544
538 545 544
538 539 545
539 546 545
539 540 546
541 542 547
542 548 547
542 543 548
543 549 548
543 544 549
544 550 549
544 545 550
545 551 550
545 546 551
547 548 552
548 553 552
548 549 553
549 554 553
549 550 554
550 555 554
550 551 555
552 553 556
553 557 556
553 554 557
554 558 557
554 555 558
556 557 559
557 560 559
557 558 560
559 560 561
