1 2
1 18
2 3
3 4
4 5
5 6
6 7
7 8
8 9
9 10
10 11
11 12
12 13
13 14
14 15
15 16
16 17
17 34
18 35
34 51
35 52
51 68
52 69
68 85
69 86
85 102
86 103
102 119
103 120
119 136
120 137
136 153
137 154
153 170
154 171
170 187
171 188
187 204
188 205
204 221
205 222
221 238
222 239
238 255
239 256
255 272
256 273
272 289
273 306
289 290
290 291
291 292
292 293
293 294
294 295
295 296
296 297
297 298
298 299
299 300
300 301
301 302
302 303
303 304
304 305
305 338
306 339
338 371
339 372
371 404
372 405
404 437
405 438
437 470
438 471
470 503
471 504
503 536
504 537
536 569
537 570
569 602
570 603
602 635
603 636
635 668
636 669
668 701
669 702
701 734
702 735
734 767
735 768
767 800
768 801
800 833
801 802
802 803
803 804
804 805
805 806
806 807
807 808
808 809
809 810
810 811
811 812
812 813
813 814
814 815
815 816
816 817
817 818
818 819
819 820
820 821
821 822
822 823
823 824
824 825
825 826
826 827
827 828
828 829
829 830
830 831
831 832
832 833
