1 2
1 18
1 19
2 3
2 19
2 20
3 4
3 20
3 21
4 5
4 21
4 22
5 6
5 22
5 23
6 7
6 23
6 24
7 8
7 24
7 25
8 9
8 25
8 26
9 10
9 26
9 27
10 11
10 27
10 28
11 12
11 28
11 29
12 13
12 29
12 30
13 14
13 30
13 31
14 15
14 31
14 32
15 16
15 32
15 33
16 17
16 33
16 34
17 34
18 19
18 35
18 36
19 20
19 36
19 37
20 21
20 37
20 38
21 22
21 38
21 39
22 23
22 39
22 40
23 24
23 40
23 41
24 25
24 41
24 42
25 26
25 42
25 43
26 27
26 43
26 44
27 28
27 44
27 45
28 29
28 45
28 46
29 30
29 46
29 47
30 31
30 47
30 48
31 32
31 48
31 49
32 33
32 49
32 50
33 34
33 50
33 51
34 51
35 36
35 52
35 53
36 37
36 53
36 54
37 38
37 54
37 55
38 39
38 55
38 56
39 40
39 56
39 57
40 41
40 57
40 58
41 42
41 58
41 59
42 43
42 59
42 60
43 44
43 60
43 61
44 45
44 61
44 62
45 46
45 62
45 63
46 47
46 63
46 64
47 48
47 64
47 65
48 49
48 65
48 66
49 50
49 66
49 67
50 51
50 67
50 68
51 68
52 53
52 69
52 70
53 54
53 70
53 71
54 55
54 71
54 72
55 56
55 72
55 73
56 57
56 73
56 74
57 58
57 74
57 75
58 59
58 75
58 76
59 60
59 76
59 77
60 61
60 77
60 78
61 62
61 78
61 79
62 63
62 79
62 80
63 64
63 80
63 81
64 65
64 81
64 82
65 66
65 82
65 83
66 67
66 83
66 84
67 68
67 84
67 85
68 85
69 70
69 86
69 87
70 71
70 87
70 88
71 72
71 88
71 89
72 73
72 89
72 90
73 74
73 90
73 91
74 75
74 91
74 92
75 76
75 92
75 93
76 77
76 93
76 94
77 78
77 94
77 95
78 79
78 95
78 96
79 80
79 96
79 97
80 81
80 97
80 98
81 82
81 98
81 99
82 83
82 99
82 100
83 84
83 100
83 101
84 85
84 101
84 102
85 102
86 87
86 103
86 104
87 88
87 104
87 105
88 89
88 105
88 106
89 90
89 106
89 107
90 91
90 107
90 108
91 92
91 108
91 109
92 93
92 109
92 110
93 94
93 110
93 111
94 95
94 111
94 112
95 96
95 112
95 113
96 97
96 113
96 114
97 98
97 114
97 115
98 99
98 115
98 116
99 100
99 116
99 117
100 101
100 117
100 118
101 102
101 118
101 119
102 119
103 104
103 120
103 121
104 105
104 121
104 122
105 106
105 122
105 123
106 107
106 123
106 124
107 108
107 124
107 125
108 109
108 125
108 126
109 110
109 126
109 127
110 111
110 127
110 128
111 112
111 128
111 129
112 113
112 129
112 130
113 114
113 130
113 131
114 115
114 131
114 132
115 116
115 132
115 133
116 117
116 133
116 134
117 118
117 134
117 135
118 119
118 135
118 136
119 136
120 121
120 137
120 138
121 122
121 138
121 139
122 123
122 139
122 140
123 124
123 140
123 141
124 125
124 141
124 142
125 126
125 142
125 143
126 127
126 143
126 144
127 128
127 144
127 145
128 129
128 145
128 146
129 130
129 146
129 147
130 131
130 147
130 148
131 132
131 148
131 149
132 133
132 149
132 150
133 134
133 150
133 151
134 135
134 151
134 152
135 136
135 152
135 153
136 153
137 138
137 154
137 155
138 139
138 155
138 156
139 140
139 156
139 157
140 141
140 157
140 158
141 142
141 158
141 159
142 143
142 159
142 160
143 144
143 160
143 161
144 145
144 161
144 162
145 146
145 162
145 163
146 147
146 163
146 164
147 148
147 164
147 165
148 149
148 165
148 166
149 150
149 166
149 167
150 151
150 167
150 168
151 152
151 168
151 169
152 153
152 169
152 170
153 170
154 155
154 171
154 172
155 156
155 172
155 173
156 157
156 173
156 174
157 158
157 174
157 175
158 159
158 175
158 176
159 160
159 176
159 177
160 161
160 177
160 178
161 162
161 178
161 179
162 163
162 179
162 180
163 164
163 180
163 181
164 165
164 181
164 182
165 166
165 182
165 183
166 167
166 183
166 184
167 168
167 184
167 185
168 169
168 185
168 186
169 170
169 186
169 187
170 187
171 172
171 188
171 189
172 173
172 189
172 190
173 174
173 190
173 191
174 175
174 191
174 192
175 176
175 192
175 193
176 177
176 193
176 194
177 178
177 194
177 195
178 179
178 195
178 196
179 180
179 196
179 197
180 181
180 197
180 198
181 182
181 198
181 199
182 183
182 199
182 200
183 184
183 200
183 201
184 185
184 201
184 202
185 186
185 202
185 203
186 187
186 203
186 204
187 204
188 189
188 205
188 206
189 190
189 206
189 207
190 191
190 207
190 208
191 192
191 208
191 209
192 193
192 209
192 210
193 194
193 210
193 211
194 195
194 211
194 212
195 196
195 212
195 213
196 197
196 213
196 214
197 198
197 214
197 215
198 199
198 215
198 216
199 200
199 216
199 217
200 201
200 217
200 218
201 202
201 218
201 219
202 203
202 219
202 220
203 204
203 220
203 221
204 221
205 206
205 222
205 223
206 207
206 223
206 224
207 208
207 224
207 225
208 209
208 225
208 226
209 210
209 226
209 227
210 211
210 227
210 228
211 212
211 228
211 229
212 213
212 229
212 230
213 214
213 230
213 231
214 215
214 231
214 232
215 216
215 232
215 233
216 217
216 233
216 234
217 218
217 234
217 235
218 219
218 235
218 236
219 220
219 236
219 237
220 221
220 237
220 238
221 238
222 223
222 239
222 240
223 224
223 240
223 241
224 225
224 241
224 242
225 226
225 242
225 243
226 227
226 243
226 244
227 228
227 244
227 245
228 229
228 245
228 246
229 230
229 246
229 247
230 231
230 247
230 248
231 232
231 248
231 249
232 233
232 249
232 250
233 234
233 250
233 251
234 235
234 251
234 252
235 236
235 252
235 253
236 237
236 253
236 254
237 238
237 254
237 255
238 255
239 240
239 256
239 257
240 241
240 257
240 258
241 242
241 258
241 259
242 243
242 259
242 260
243 244
243 260
243 261
244 245
244 261
244 262
245 246
245 262
245 263
246 247
246 263
246 264
247 248
247 264
247 265
248 249
248 265
248 266
249 250
249 266
249 267
250 251
250 267
250 268
251 252
251 268
251 269
252 253
252 269
252 270
253 254
253 270
253 271
254 255
254 271
254 272
255 272
256 257
256 273
256 274
257 258
257 274
257 275
258 259
258 275
258 276
259 260
259 276
259 277
260 261
260 277
260 278
261 262
261 278
261 279
262 263
262 279
262 280
263 264
263 280
263 281
264 265
264 281
264 282
265 266
265 282
265 283
266 267
266 283
266 284
267 268
267 284
267 285
268 269
268 285
268 286
269 270
269 286
269 287
270 271
270 287
270 288
271 272
271 288
271 289
272 289
273 274
273 306
273 307
274 275
274 307
274 308
275 276
275 308
275 309
276 277
276 309
276 310
277 278
277 310
277 311
278 279
278 311
278 312
279 280
279 312
279 313
280 281
280 313
280 314
281 282
281 314
281 315
282 283
282 315
282 316
283 284
283 316
283 317
284 285
284 317
284 318
285 286
285 318
285 319
286 287
286 319
286 320
287 288
287 320
287 321
288 289
288 321
288 322
289 290
289 322
289 323
290 291
290 323
290 324
291 292
291 324
291 325
292 293
292 325
292 326
293 294
293 326
293 327
294 295
294 327
294 328
295 296
295 328
295 329
296 297
296 329
296 330
297 298
297 330
297 331
298 299
298 331
298 332
299 300
299 332
299 333
300 301
300 333
300 334
301 302
301 334
301 335
302 303
302 335
302 336
303 304
303 336
303 337
304 305
304 337
304 338
305 338
306 307
306 339
306 340
307 308
307 340
307 341
308 309
308 341
308 342
309 310
309 342
309 343
310 311
310 343
310 344
311 312
311 344
311 345
312 313
312 345
312 346
313 314
313 346
313 347
314 315
314 347
314 348
315 316
315 348
315 349
316 317
316 349
316 350
317 318
317 350
317 351
318 319
318 351
318 352
319 320
319 352
319 353
320 321
320 353
320 354
321 322
321 354
321 355
322 323
322 355
322 356
323 324
323 356
323 357
324 325
324 357
324 358
325 326
325 358
325 359
326 327
326 359
326 360
327 328
327 360
327 361
328 329
328 361
328 362
329 330
329 362
329 363
330 331
330 363
330 364
331 332
331 364
331 365
332 333
332 365
332 366
333 334
333 366
333 367
334 335
334 367
334 368
335 336
335 368
335 369
336 337
336 369
336 370
337 338
337 370
337 371
338 371
339 340
339 372
339 373
340 341
340 373
340 374
341 342
341 374
341 375
342 343
342 375
342 376
343 344
343 376
343 377
344 345
344 377
344 378
345 346
345 378
345 379
346 347
346 379
346 380
347 348
347 380
347 381
348 349
348 381
348 382
349 350
349 382
349 383
350 351
350 383
350 384
351 352
351 384
351 385
352 353
352 385
352 386
353 354
353 386
353 387
354 355
354 387
354 388
355 356
355 388
355 389
356 357
356 389
356 390
357 358
357 390
357 391
358 359
358 391
358 392
359 360
359 392
359 393
360 361
360 393
360 394
361 362
361 394
361 395
362 363
362 395
362 396
363 364
363 396
363 397
364 365
364 397
364 398
365 366
365 398
365 399
366 367
366 399
366 400
367 368
367 400
367 401
368 369
368 401
368 402
369 370
369 402
369 403
370 371
370 403
370 404
371 404
372 373
372 405
372 406
373 374
373 406
373 407
374 375
374 407
374 408
375 376
375 408
375 409
376 377
376 409
376 410
377 378
377 410
377 411
378 379
378 411
378 412
379 380
379 412
379 413
380 381
380 413
380 414
381 382
381 414
381 415
382 383
382 415
382 416
383 384
383 416
383 417
384 385
384 417
384 418
385 386
385 418
385 419
386 387
386 419
386 420
387 388
387 420
387 421
388 389
388 421
388 422
389 390
389 422
389 423
390 391
390 423
390 424
391 392
391 424
391 425
392 393
392 425
392 426
393 394
393 426
393 427
394 395
394 427
394 428
395 396
395 428
395 429
396 397
396 429
396 430
397 398
397 430
397 431
398 399
398 431
398 432
399 400
399 432
399 433
400 401
400 433
400 434
401 402
401 434
401 435
402 403
402 435
402 436
403 404
403 436
403 437
404 437
405 406
405 438
405 439
406 407
406 439
406 440
407 408
407 440
407 441
408 409
408 441
408 442
409 410
409 442
409 443
410 411
410 443
410 444
411 412
411 444
411 445
412 413
412 445
412 446
413 414
413 446
413 447
414 415
414 447
414 448
415 416
415 448
415 449
416 417
416 449
416 450
417 418
417 450
417 451
418 419
418 451
418 452
419 420
419 452
419 453
420 421
420 453
420 454
421 422
421 454
421 455
422 423
422 455
422 456
423 424
423 456
423 457
424 425
424 457
424 458
425 426
425 458
425 459
426 427
426 459
426 460
427 428
427 460
427 461
428 429
428 461
428 462
429 430
429 462
429 463
430 431
430 463
430 464
431 432
431 464
431 465
432 433
432 465
432 466
433 434
433 466
433 467
434 435
434 467
434 468
435 436
435 468
435 469
436 437
436 469
436 470
437 470
438 439
438 471
438 472
439 440
439 472
439 473
440 441
440 473
440 474
441 442
441 474
441 475
442 443
442 475
442 476
443 444
443 476
443 477
444 445
444 477
444 478
445 446
445 478
445 479
446 447
446 479
446 480
447 448
447 480
447 481
448 449
448 481
448 482
449 450
449 482
449 483
450 451
450 483
450 484
451 452
451 484
451 485
452 453
452 485
452 486
453 454
453 486
453 487
454 455
454 487
454 488
455 456
455 488
455 489
456 457
456 489
456 490
457 458
457 490
457 491
458 459
458 491
458 492
459 460
459 492
459 493
460 461
460 493
460 494
461 462
461 494
461 495
462 463
462 495
462 496
463 464
463 496
463 497
464 465
464 497
464 498
465 466
465 498
465 499
466 467
466 499
466 500
467 468
467 500
467 501
468 469
468 501
468 502
469 470
469 502
469 503
470 503
471 472
471 504
471 505
472 473
472 505
472 506
473 474
473 506
473 507
474 475
474 507
474 508
475 476
475 508
475 509
476 477
476 509
476 510
477 478
477 510
477 511
478 479
478 511
478 512
479 480
479 512
479 513
480 481
480 513
480 514
481 482
481 514
481 515
482 483
482 515
482 516
483 484
483 516
483 517
484 485
484 517
484 518
485 486
485 518
485 519
486 487
486 519
486 520
487 488
487 520
487 521
488 489
488 521
488 522
489 490
489 522
489 523
490 491
490 523
490 524
491 492
491 524
491 525
492 493
492 525
492 526
493 494
493 526
493 527
494 495
494 527
494 528
495 496
495 528
495 529
496 497
496 529
496 530
497 498
497 530
497 531
498 499
498 531
498 532
499 500
499 532
499 533
500 501
500 533
500 534
501 502
501 534
501 535
502 503
502 535
502 536
503 536
504 505
504 537
504 538
505 506
505 538
505 539
506 507
506 539
506 540
507 508
507 540
507 541
508 509
508 541
508 542
509 510
509 542
509 543
510 511
510 543
510 544
511 512
511 544
511 545
512 513
512 545
512 546
513 514
513 546
513 547
514 515
514 547
514 548
515 516
515 548
515 549
516 517
516 549
516 550
517 518
517 550
517 551
518 519
518 551
518 552
519 520
519 552
519 553
520 521
520 553
520 554
521 522
521 554
521 555
522 523
522 555
522 556
523 524
523 556
523 557
524 525
524 557
524 558
525 526
525 558
525 559
526 527
526 559
526 560
527 528
527 560
527 561
528 529
528 561
528 562
529 530
529 562
529 563
530 531
530 563
530 564
531 532
531 564
531 565
532 533
532 565
532 566
533 534
533 566
533 567
534 535
534 567
534 568
535 536
535 568
535 569
536 569
537 538
537 570
537 571
538 539
538 571
538 572
539 540
539 572
539 573
540 541
540 573
540 574
541 542
541 574
541 575
542 543
542 575
542 576
543 544
543 576
543 577
544 545
544 577
544 578
545 546
545 578
545 579
546 547
546 579
546 580
547 548
547 580
547 581
548 549
548 581
548 582
549 550
549 582
549 583
550 551
550 583
550 584
551 552
551 584
551 585
552 553
552 585
552 586
553 554
553 586
553 587
554 555
554 587
554 588
555 556
555 588
555 589
556 557
556 589
556 590
557 558
557 590
557 591
558 559
558 591
558 592
559 560
559 592
559 593
560 561
560 593
560 594
561 562
561 594
561 595
562 563
562 595
562 596
563 564
563 596
563 597
564 565
564 597
564 598
565 566
565 598
565 599
566 567
566 599
566 600
567 568
567 600
567 601
568 569
568 601
568 602
569 602
570 571
570 603
570 604
571 572
571 604
571 605
572 573
572 605
572 606
573 574
573 606
573 607
574 575
574 607
574 608
575 576
575 608
575 609
576 577
576 609
576 610
577 578
577 610
577 611
578 579
578 611
578 612
579 580
579 612
579 613
580 581
580 613
580 614
581 582
581 614
581 615
582 583
582 615
582 616
583 584
583 616
583 617
584 585
584 617
584 618
585 586
585 618
585 619
586 587
586 619
586 620
587 588
587 620
587 621
588 589
588 621
588 622
589 590
589 622
589 623
590 591
590 623
590 624
591 592
591 624
591 625
592 593
592 625
592 626
593 594
593 626
593 627
594 595
594 627
594 628
595 596
595 628
595 629
596 597
596 629
596 630
597 598
597 630
597 631
598 599
598 631
598 632
599 600
599 632
599 633
600 601
600 633
600 634
601 602
601 634
601 635
602 635
603 604
603 636
603 637
604 605
604 637
604 638
605 606
605 638
605 639
606 607
606 639
606 640
607 608
607 640
607 641
608 609
608 641
608 642
609 610
609 642
609 643
610 611
610 643
610 644
611 612
611 644
611 645
612 613
612 645
612 646
613 614
613 646
613 647
614 615
614 647
614 648
615 616
615 648
615 649
616 617
616 649
616 650
617 618
617 650
617 651
618 619
618 651
618 652
619 620
619 652
619 653
620 621
620 653
620 654
621 622
621 654
621 655
622 623
622 655
622 656
623 624
623 656
623 657
624 625
624 657
624 658
625 626
625 658
625 659
626 627
626 659
626 660
627 628
627 660
627 661
628 629
628 661
628 662
629 630
629 662
629 663
630 631
630 663
630 664
631 632
631 664
631 665
632 633
632 665
632 666
633 634
633 666
633 667
634 635
634 667
634 668
635 668
636 637
636 669
636 670
637 638
637 670
637 671
638 639
638 671
638 672
639 640
639 672
639 673
640 641
640 673
640 674
641 642
641 674
641 675
642 643
642 675
642 676
643 644
643 676
643 677
644 645
644 677
644 678
645 646
645 678
645 679
646 647
646 679
646 680
647 648
647 680
647 681
648 649
648 681
648 682
649 650
649 682
649 683
650 651
650 683
650 684
651 652
651 684
651 685
652 653
652 685
652 686
653 654
653 686
653 687
654 655
654 687
654 688
655 656
655 688
655 689
656 657
656 689
656 690
657 658
657 690
657 691
658 659
658 691
658 692
659 660
659 692
659 693
660 661
660 693
660 694
661 662
661 694
661 695
662 663
662 695
662 696
663 664
663 696
663 697
664 665
664 697
664 698
665 666
665 698
665 699
666 667
666 699
666 700
667 668
667 700
667 701
668 701
669 670
669 702
669 703
670 671
670 703
670 704
671 672
671 704
671 705
672 673
672 705
672 706
673 674
673 706
673 707
674 675
674 707
674 708
675 676
675 708
675 709
676 677
676 709
676 710
677 678
677 710
677 711
678 679
678 711
678 712
679 680
679 712
679 713
680 681
680 713
680 714
681 682
681 714
681 715
682 683
682 715
682 716
683 684
683 716
683 717
684 685
684 717
684 718
685 686
685 718
685 719
686 687
686 719
686 720
687 688
687 720
687 721
688 689
688 721
688 722
689 690
689 722
689 723
690 691
690 723
690 724
691 692
691 724
691 725
692 693
692 725
692 726
693 694
693 726
693 727
694 695
694 727
694 728
695 696
695 728
695 729
696 697
696 729
696 730
697 698
697 730
697 731
698 699
698 731
698 732
699 700
699 732
699 733
700 701
700 733
700 734
701 734
702 703
702 735
702 736
703 704
703 736
703 737
704 705
704 737
704 738
705 706
705 738
705 739
706 707
706 739
706 740
707 708
707 740
707 741
708 709
708 741
708 742
709 710
709 742
709 743
710 711
710 743
710 744
711 712
711 744
711 745
712 713
712 745
712 746
713 714
713 746
713 747
714 715
714 747
714 748
715 716
715 748
715 749
716 717
716 749
716 750
717 718
717 750
717 751
718 719
718 751
718 752
719 720
719 752
719 753
720 721
720 753
720 754
721 722
721 754
721 755
722 723
722 755
722 756
723 724
723 756
723 757
724 725
724 757
724 758
725 726
725 758
725 759
726 727
726 759
726 760
727 728
727 760
727 761
728 729
728 761
728 762
729 730
729 762
729 763
730 731
730 763
730 764
731 732
731 764
731 765
732 733
732 765
732 766
733 734
733 766
733 767
734 767
735 736
735 768
735 769
736 737
736 769
736 770
737 738
737 770
737 771
738 739
738 771
738 772
739 740
739 772
739 773
740 741
740 773
740 774
741 742
741 774
741 775
742 743
742 775
742 776
743 744
743 776
743 777
744 745
744 777
744 778
745 746
745 778
745 779
746 747
746 779
746 780
747 748
747 780
747 781
748 749
748 781
748 782
749 750
749 782
749 783
750 751
750 783
750 784
751 752
751 784
751 785
752 753
752 785
752 786
753 754
753 786
753 787
754 755
754 787
754 788
755 756
755 788
755 789
756 757
756 789
756 790
757 758
757 790
757 791
758 759
758 791
758 792
759 760
759 792
759 793
760 761
760 793
760 794
761 762
761 794
761 795
762 763
762 795
762 796
763 764
763 796
763 797
764 765
764 797
764 798
765 766
765 798
765 799
766 767
766 799
766 800
767 800
768 769
768 801
768 802
769 770
769 802
769 803
770 771
770 803
770 804
771 772
771 804
771 805
772 773
772 805
772 806
773 774
773 806
773 807
774 775
774 807
774 808
775 776
775 808
775 809
776 777
776 809
776 810
777 778
777 810
777 811
778 779
778 811
778 812
779 780
779 812
779 813
780 781
780 813
780 814
781 782
781 814
781 815
782 783
782 815
782 816
783 784
783 816
783 817
784 785
784 817
784 818
785 786
785 818
785 819
786 787
786 819
786 820
787 788
787 820
787 821
788 789
788 821
788 822
789 790
789 822
789 823
790 791
790 823
790 824
791 792
791 824
791 825
792 793
792 825
792 826
793 794
793 826
793 827
794 795
794 827
794 828
795 796
795 828
795 829
796 797
796 829
796 830
797 798
797 830
797 831
798 799
798 831
798 832
799 800
799 832
799 833
800 833
801 802
802 803
803 804
804 805
805 806
806 807
807 808
808 809
809 810
810 811
811 812
812 813
813 814
814 815
815 816
816 817
817 818
818 819
819 820
820 821
821 822
822 823
823 824
824 825
825 826
826 827
827 828
828 829
829 830
830 831
831 832
832 833
