1 2 19
1 19 18
2 3 20
2 20 19
3 4 21
3 21 20
4 5 22
4 22 21
5 6 23
5 23 22
6 7 24
6 24 23
7 8 25
7 25 24
8 9 26
8 26 25
9 10 27
9 27 26
10 11 28
10 28 27
11 12 29
11 29 28
12 13 30
12 30 29
13 14 31
13 31 30
14 15 32
14 32 31
15 16 33
15 33 32
16 17 34
16 34 33
18 19 36
18 36 35
19 20 37
19 37 36
20 21 38
20 38 37
21 22 39
21 39 38
22 23 40
22 40 39
23 24 41
23 41 40
24 25 42
24 42 41
25 26 43
25 43 42
26 27 44
26 44 43
27 28 45
27 45 44
28 29 46
28 46 45
29 30 47
29 47 46
30 31 48
30 48 47
31 32 49
31 49 48
32 33 50
32 50 49
33 34 51
33 51 50
35 36 53
35 53 52
36 37 54
36 54 53
37 38 55
37 55 54
38 39 56
38 56 55
39 40 57
39 57 56
40 41 58
40 58 57
41 42 59
41 59 58
42 43 60
42 60 59
43 44 61
43 61 60
44 45 62
44 62 61
45 46 63
45 63 62
46 47 64
46 64 63
47 48 65
47 65 64
48 49 66
48 66 65
49 50 67
49 67 66
50 51 68
50 68 67
52 53 70
52 70 69
53 54 71
53 71 70
54 55 72
54 72 71
55 56 73
55 73 72
56 57 74
56 74 73
57 58 75
57 75 74
58 59 76
58 76 75
59 60 77
59 77 76
60 61 78
60 78 77
61 62 79
61 79 78
62 63 80
62 80 79
63 64 81
63 81 80
64 65 82
64 82 81
65 66 83
65 83 82
66 67 84
66 84 83
67 68 85
67 85 84
69 70 87
69 87 86
70 71 88
70 88 87
71 72 89
71 89 88
72 73 90
72 90 89
73 74 91
73 91 90
74 75 92
74 92 91
75 76 93
75 93 92
76 77 94
76 94 93
77 78 95
77 95 94
78 79 96
78 96 95
79 80 97
79 97 96
80 81 98
80 98 97
81 82 99
81 99 98
82 83 100
82 100 99
83 84 101
83 101 100
84 85 102
84 102 101
86 87 104
86 104 103
87 88 105
87 105 104
88 89 106
88 106 105
89 90 107
89 107 106
90 91 108
90 108 107
91 92 109
91 109 108
92 93 110
92 110 109
93 94 111
93 111 110
94 95 112
94 112 111
95 96 113
95 113 112
96 97 114
96 114 113
97 98 115
97 115 114
98 99 116
98 116 115
99 100 117
99 117 116
100 101 118
100 118 117
101 102 119
101 119 118
103 104 121
103 121 120
104 105 122
104 122 121
105 106 123
105 123 122
106 107 124
106 124 123
107 108 125
107 125 124
108 109 126
108 126 125
109 110 127
109 127 126
110 111 128
110 128 127
111 112 129
111 129 128
112 113 130
112 130 129
113 114 131
113 131 130
114 115 132
114 132 131
115 116 133
115 133 132
116 117 134
116 134 133
117 118 135
117 135 134
118 119 136
118 136 135
120 121 138
120 138 137
121 122 139
121 139 138
122 123 140
122 140 139
123 124 141
123 141 140
124 125 142
124 142 141
125 126 143
125 143 142
126 127 144
126 144 143
127 128 145
127 145 144
128 129 146
128 146 145
129 130 147
129 147 146
130 131 148
130 148 147
131 132 149
131 149 148
132 133 150
132 150 149
133 134 151
133 151 150
134 135 152
134 152 151
135 136 153
135 153 152
137 138 155
137 155 154
138 139 156
138 156 155
139 140 157
139 157 156
140 141 158
140 158 157
141 142 159
141 159 158
142 143 160
142 160 159
143 144 161
143 161 160
144 145 162
144 162 161
145 146 163
145 163 162
146 147 164
146 164 163
147 148 165
147 165 164
148 149 166
148 166 165
149 150 167
149 167 166
150 151 168
150 168 167
151 152 169
151 169 168
152 153 170
152 170 169
154 155 172
154 172 171
155 156 173
155 173 172
156 157 174
156 174 173
157 158 175
157 175 174
158 159 176
158 176 175
159 160 177
159 177 176
160 161 178
160 178 177
161 162 179
161 179 178
162 163 180
162 180 179
163 164 181
163 181 180
164 165 182
164 182 181
165 166 183
165 183 182
166 167 184
166 184 183
167 168 185
167 185 184
168 169 186
168 186 185
169 170 187
169 187 186
171 172 189
171 189 188
172 173 190
172 190 189
173 174 191
173 191 190
174 175 192
174 192 191
175 176 193
175 193 192
176 177 194
176 194 193
177 178 195
177 195 194
178 179 196
178 196 195
179 180 197
179 197 196
180 181 198
180 198 197
181 182 199
181 199 198
182 183 200
182 200 199
183 184 201
183 201 200
184 185 202
184 202 201
185 186 203
185 203 202
186 187 204
186 204 203
188 189 206
188 206 205
189 190 207
189 207 206
190 191 208
190 208 207
191 192 209
191 209 208
192 193 210
192 210 209
193 194 211
193 211 210
194 195 212
194 212 211
195 196 213
195 213 212
196 197 214
196 214 213
197 198 215
197 215 214
198 199 216
198 216 215
199 200 217
199 217 216
200 201 218
200 218 217
201 202 219
201 219 218
202 203 220
202 220 219
203 204 221
203 221 220
205 206 223
205 223 222
206 207 224
206 224 223
207 208 225
207 225 224
208 209 226
208 226 225
209 210 227
209 227 226
210 211 228
210 228 227
211 212 229
211 229 228
212 213 230
212 230 229
213 214 231
213 231 230
214 215 232
214 232 231
215 216 233
215 233 232
216 217 234
216 234 233
217 218 235
217 235 234
218 219 236
218 236 235
219 220 237
219 237 236
220 221 238
220 238 237
222 223 240
222 240 239
223 224 241
223 241 240
224 225 242
224 242 241
225 226 243
225 243 242
226 227 244
226 244 243
227 228 245
227 245 244
228 229 246
228 246 245
229 230 247
229 247 246
230 231 248
230 248 247
231 232 249
231 249 248
232 233 250
232 250 249
233 234 251
233 251 250
234 235 252
234 252 251
235 236 253
235 253 252
236 237 254
236 254 253
237 238 255
237 255 254
239 240 257
239 257 256
240 241 258
240 258 257
241 242 259
241 259 258
242 243 260
242 260 259
243 244 261
243 261 260
244 245 262
244 262 261
245 246 263
245 263 262
246 247 264
246 264 263
247 248 265
247 265 264
248 249 266
248 266 265
249 250 267
249 267 266
250 251 268
250 268 267
251 252 269
251 269 268
252 253 270
252 270 269
253 254 271
253 271 270
254 255 272
254 272 271
256 257 274
256 274 273
257 258 275
257 275 274
258 259 276
258 276 275
259 260 277
259 277 276
260 261 278
260 278 277
261 262 279
261 279 278
262 263 280
262 280 279
263 264 281
263 281 280
264 265 282
264 282 281
265 266 283
265 283 282
266 267 284
266 284 283
267 268 285
267 285 284
268 269 286
268 286 285
269 270 287
269 287 286
270 271 288
270 288 287
271 272 289
271 289 288
273 274 307
273 307 306
274 275 308
274 308 307
275 276 309
275 309 308
276 277 310
276 310 309
277 278 311
277 311 310
278 279 312
278 312 311
279 280 313
279 313 312
280 281 314
280 314 313
281 282 315
281 315 314
282 283 316
282 316 315
283 284 317
283 317 316
284 285 318
284 318 317
285 286 319
285 319 318
286 287 320
286 320 319
287 288 321
287 321 320
288 289 322
288 322 321
289 290 323
289 323 322
290 291 324
290 324 323
291 292 325
291 325 324
292 293 326
292 326 325
293 294 327
293 327 326
294 295 328
294 328 327
295 296 329
295 329 328
296 297 330
296 330 329
297 298 331
297 331 330
298 299 332
298 332 331
299 300 333
299 333 332
300 301 334
300 334 333
301 302 335
301 335 334
302 303 336
302 336 335
303 304 337
303 337 336
304 305 338
304 338 337
306 307 340
306 340 339
307 308 341
307 341 340
308 309 342
308 342 341
309 310 343
309 343 342
310 311 344
310 344 343
311 312 345
311 345 344
312 313 346
312 346 345
313 314 347
313 347 346
314 315 348
314 348 347
315 316 349
315 349 348
316 317 350
316 350 349
317 318 351
317 351 350
318 319 352
318 352 351
319 320 353
319 353 352
320 321 354
320 354 353
321 322 355
321 355 354
322 323 356
322 356 355
323 324 357
323 357 356
324 325 358
324 358 357
325 326 359
325 359 358
326 327 360
326 360 359
327 328 361
327 361 360
328 329 362
328 362 361
329 330 363
329 363 362
330 331 364
330 364 363
331 332 365
331 365 364
332 333 366
332 366 365
333 334 367
333 367 366
334 335 368
334 368 367
335 336 369
335 369 368
336 337 370
336 370 369
337 338 371
337 371 370
339 340 373
339 373 372
340 341 374
340 374 373
341 342 375
341 375 374
342 343 376
342 376 375
343 344 377
343 377 376
344 345 378
344 378 377
345 346 379
345 379 378
346 347 380
346 380 379
347 348 381
347 381 380
348 349 382
348 382 381
349 350 383
349 383 382
350 351 384
350 384 383
351 352 385
351 385 384
352 353 386
352 386 385
353 354 387
353 387 386
354 355 388
354 388 387
355 356 389
355 389 388
356 357 390
356 390 389
357 358 391
357 391 390
358 359 392
358 392 391
359 360 393
359 393 392
360 361 394
360 394 393
361 362 395
361 395 394
362 363 396
362 396 395
363 364 397
363 397 396
364 365 398
364 398 397
365 366 399
365 399 398
366 367 400
366 400 399
367 368 401
367 401 400
368 369 402
368 402 401
369 370 403
369 403 402
370 371 404
370 404 403
372 373 406
372 406 405
373 374 407
373 407 406
374 375 408
374 408 407
375 376 409
375 409 408
376 377 410
376 410 409
377 378 411
377 411 410
378 379 412
378 412 411
379 380 413
379 413 412
380 381 414
380 414 413
381 382 415
381 415 414
382 383 416
382 416 415
383 384 417
383 417 416
384 385 418
384 418 417
385 386 419
385 419 418
386 387 420
386 420 419
387 388 421
387 421 420
388 389 422
388 422 421
389 390 423
389 423 422
390 391 424
390 424 423
391 392 425
391 425 424
392 393 426
392 426 425
393 394 427
393 427 426
394 395 428
394 428 427
395 396 429
395 429 428
396 397 430
396 430 429
397 398 431
397 431 430
398 399 432
398 432 431
399 400 433
399 433 432
400 401 434
400 434 433
401 402 435
401 435 434
402 403 436
402 436 435
403 404 437
403 437 436
405 406 439
405 439 438
406 407 440
406 440 439
407 408 441
407 441 440
408 409 442
408 442 441
409 410 443
409 443 442
410 411 444
410 444 443
411 412 445
411 445 444
412 413 446
412 446 445
413 414 447
413 447 446
414 415 448
414 448 447
415 416 449
415 449 448
416 417 450
416 450 449
417 418 451
417 451 450
418 419 452
418 452 451
419 420 453
419 453 452
420 421 454
420 454 453
421 422 455
421 455 454
422 423 456
422 456 455
423 424 457
423 457 456
424 425 458
424 458 457
425 426 459
425 459 458
426 427 460
426 460 459
427 428 461
427 461 460
428 429 462
428 462 461
429 430 463
429 463 462
430 431 464
430 464 463
431 432 465
431 465 464
432 433 466
432 466 465
433 434 467
433 467 466
434 435 468
434 468 467
435 436 469
435 469 468
436 437 470
436 470 469
438 439 472
438 472 471
439 440 473
439 473 472
440 441 474
440 474 473
441 442 475
441 475 474
442 443 476
442 476 475
443 444 477
443 477 476
444 445 478
444 478 477
445 446 479
445 479 478
446 447 480
446 480 479
447 448 481
447 481 480
448 449 482
448 482 481
449 450 483
449 483 482
450 451 484
450 484 483
451 452 485
451 485 484
452 453 486
452 486 485
453 454 487
453 487 486
454 455 488
454 488 487
455 456 489
455 489 488
456 457 490
456 490 489
457 458 491
457 491 490
458 459 492
458 492 491
459 460 493
459 493 492
460 461 494
460 494 493
461 462 495
461 495 494
462 463 496
462 496 495
463 464 497
463 497 496
464 465 498
464 498 497
465 466 499
465 499 498
466 467 500
466 500 499
467 468 501
467 501 500
468 469 502
468 502 501
469 470 503
469 503 502
471 472 505
471 505 504
472 473 506
472 506 505
473 474 507
473 507 506
474 475 508
474 508 507
475 476 509
475 509 508
476 477 510
476 510 509
477 478 511
477 511 510
478 479 512
478 512 511
479 480 513
479 513 512
480 481 514
480 514 513
481 482 515
481 515 514
482 483 516
482 516 515
483 484 517
483 517 516
484 485 518
484 518 517
485 486 519
485 519 518
486 487 520
486 520 519
487 488 521
487 521 520
488 489 522
488 522 521
489 490 523
489 523 522
490 491 524
490 524 523
491 492 525
491 525 524
492 493 526
492 526 525
493 494 527
493 527 526
494 495 528
494 528 527
495 496 529
495 529 528
496 497 530
496 530 529
497 498 531
497 531 530
498 499 532
498 532 531
499 500 533
499 533 532
500 501 534
500 534 533
501 502 535
501 535 534
502 503 536
502 536 535
504 505 538
504 538 537
505 506 539
505 539 538
506 507 540
506 540 539
507 508 541
507 541 540
508 509 542
508 542 541
509 510 543
509 543 542
510 511 544
510 544 543
511 512 545
511 545 544
512 513 546
512 546 545
513 514 547
513 547 546
514 515 548
514 548 547
515 516 549
515 549 548
516 517 550
516 550 549
517 518 551
517 551 550
518 519 552
518 552 551
519 520 553
519 553 552
520 521 554
520 554 553
521 522 555
521 555 554
522 523 556
522 556 555
523 524 557
523 557 556
524 525 558
524 558 557
525 526 559
525 559 558
526 527 560
526 560 559
527 528 561
527 561 560
528 529 562
528 562 561
529 530 563
529 563 562
530 531 564
530 564 563
531 532 565
531 565 564
532 533 566
532 566 565
533 534 567
533 567 566
534 535 568
534 568 567
535 536 569
535 569 568
537 538 571
537 571 570
538 539 572
538 572 571
539 540 573
539 573 572
540 541 574
540 574 573
541 542 575
541 575 574
542 543 576
542 576 575
543 544 577
543 577 576
544 545 578
544 578 577
545 546 579
545 579 578
546 547 580
546 580 579
547 548 581
547 581 580
548 549 582
548 582 581
549 550 583
549 583 582
550 551 584
550 584 583
551 552 585
551 585 584
552 553 586
552 586 585
553 554 587
553 587 586
554 555 588
554 588 587
555 556 589
555 589 588
556 557 590
556 590 589
557 558 591
557 591 590
558 559 592
558 592 591
559 560 593
559 593 592
560 561 594
560 594 593
561 562 595
561 595 594
562 563 596
562 596 595
563 564 597
563 597 596
564 565 598
564 598 597
565 566 599
565 599 598
566 567 600
566 600 599
567 568 601
567 601 600
568 569 602
568 602 601
570 571 604
570 604 603
571 572 605
571 605 604
572 573 606
572 606 605
573 574 607
573 607 606
574 575 608
574 608 607
575 576 609
575 609 608
576 577 610
576 610 609
577 578 611
577 611 610
578 579 612
578 612 611
579 580 613
579 613 612
580 581 614
580 614 613
581 582 615
581 615 614
582 583 616
582 616 615
583 584 617
583 617 616
584 585 618
584 618 617
585 586 619
585 619 618
586 587 620
586 620 619
587 588 621
587 621 620
588 589 622
588 622 621
589 590 623
589 623 622
590 591 624
590 624 623
591 592 625
591 625 624
592 593 626
592 626 625
593 594 627
593 627 626
594 595 628
594 628 627
595 596 629
595 629 628
596 597 630
596 630 629
597 598 631
597 631 630
598 599 632
598 632 631
599 600 633
599 633 632
600 601 634
600 634 633
601 602 635
601 635 634
603 604 637
603 637 636
604 605 638
604 638 637
605 606 639
605 639 638
606 607 640
606 640 639
607 608 641
607 641 640
608 609 642
608 642 641
609 610 643
609 643 642
610 611 644
610 644 643
611 612 645
611 645 644
612 613 646
612 646 645
613 614 647
613 647 646
614 615 648
614 648 647
615 616 649
615 649 648
616 617 650
616 650 649
617 618 651
617 651 650
618 619 652
618 652 651
619 620 653
619 653 652
620 621 654
620 654 653
621 622 655
621 655 654
622 623 656
622 656 655
623 624 657
623 657 656
624 625 658
624 658 657
625 626 659
625 659 658
626 627 660
626 660 659
627 628 661
627 661 660
628 629 662
628 662 661
629 630 663
629 663 662
630 631 664
630 664 663
631 632 665
631 665 664
632 633 666
632 666 665
633 634 667
633 667 666
634 635 668
634 668 667
636 637 670
636 670 669
637 638 671
637 671 670
638 639 672
638 672 671
639 640 673
639 673 672
640 641 674
640 674 673
641 642 675
641 675 674
642 643 676
642 676 675
643 644 677
643 677 676
644 645 678
644 678 677
645 646 679
645 679 678
646 647 680
646 680 679
647 648 681
647 681 680
648 649 682
648 682 681
649 650 683
649 683 682
650 651 684
650 684 683
651 652 685
651 685 684
652 653 686
652 686 685
653 654 687
653 687 686
654 655 688
654 688 687
655 656 689
655 689 688
656 657 690
656 690 689
657 658 691
657 691 690
658 659 692
658 692 691
659 660 693
659 693 692
660 661 694
660 694 693
661 662 695
661 695 694
662 663 696
662 696 695
663 664 697
663 697 696
664 665 698
664 698 697
665 666 699
665 699 698
666 667 700
666 700 699
667 668 701
667 701 700
669 670 703
669 703 702
670 671 704
670 704 703
671 672 705
671 705 704
672 673 706
672 706 705
673 674 707
673 707 706
674 675 708
674 708 707
675 676 709
675 709 708
676 677 710
676 710 709
677 678 711
677 711 710
678 679 712
678 712 711
679 680 713
679 713 712
680 681 714
680 714 713
681 682 715
681 715 714
682 683 716
682 716 715
683 684 717
683 717 716
684 685 718
684 718 717
685 686 719
685 719 718
686 687 720
686 720 719
687 688 721
687 721 720
688 689 722
688 722 721
689 690 723
689 723 722
690 691 724
690 724 723
691 692 725
691 725 724
692 693 726
692 726 725
693 694 727
693 727 726
694 695 728
694 728 727
695 696 729
695 729 728
696 697 730
696 730 729
697 698 731
697 731 730
698 699 732
698 732 731
699 700 733
699 733 732
700 701 734
700 734 733
702 703 736
702 736 735
703 704 737
703 737 736
704 705 738
704 738 737
705 706 739
705 739 738
706 707 740
706 740 739
707 708 741
707 741 740
708 709 742
708 742 741
709 710 743
709 743 742
710 711 744
710 744 743
711 712 745
711 745 744
712 713 746
712 746 745
713 714 747
713 747 746
714 715 748
714 748 747
715 716 749
715 749 748
716 717 750
716 750 749
717 718 751
717 751 750
718 719 752
718 752 751
719 720 753
719 753 752
720 721 754
720 754 753
721 722 755
721 755 754
722 723 756
722 756 755
723 724 757
723 757 756
724 725 758
724 758 757
725 726 759
725 759 758
726 727 760
726 760 759
727 728 761
727 761 760
728 729 762
728 762 761
729 730 763
729 763 762
730 731 764
730 764 763
731 732 765
731 765 764
732 733 766
732 766 765
733 734 767
733 767 766
735 736 769
735 769 768
736 737 770
736 770 769
737 738 771
737 771 770
738 739 772
738 772 771
739 740 773
739 773 772
740 741 774
740 774 773
741 742 775
741 775 774
742 743 776
742 776 775
743 744 777
743 777 776
744 745 778
744 778 777
745 746 779
745 779 778
746 747 780
746 780 779
747 748 781
747 781 780
748 749 782
748 782 781
749 750 783
749 783 782
750 751 784
750 784 783
751 752 785
751 785 784
752 753 786
752 786 785
753 754 787
753 787 786
754 755 788
754 788 787
755 756 789
755 789 788
756 757 790
756 790 789
757 758 791
757 791 790
758 759 792
758 792 791
759 760 793
759 793 792
760 761 794
760 794 793
761 762 795
761 795 794
762 763 796
762 796 795
763 764 797
763 797 796
764 765 798
764 798 797
765 766 799
765 799 798
766 767 800
766 800 799
768 769 802
768 802 801
769 770 803
769 803 802
770 771 804
770 804 803
771 772 805
771 805 804
772 773 806
772 806 805
773 774 807
773 807 806
774 775 808
774 808 807
775 776 809
775 809 808
776 777 810
776 810 809
777 778 811
777 811 810
778 779 812
778 812 811
779 780 813
779 813 812
780 781 814
780 814 813
781 782 815
781 815 814
782 783 816
782 816 815
783 784 817
783 817 816
784 785 818
784 818 817
785 786 819
785 819 818
786 787 820
786 820 819
787 788 821
787 821 820
788 789 822
788 822 821
789 790 823
789 823 822
790 791 824
790 824 823
791 792 825
791 825 824
792 793 826
792 826 825
793 794 827
793 827 826
794 795 828
794 828 827
795 796 829
795 829 828
796 797 830
796 830 829
797 798 831
797 831 830
798 799 832
798 832 831
799 800 833
799 833 832
