1 2
1 34
2 3
3 4
4 5
5 6
6 7
7 8
8 9
9 10
10 11
11 12
12 13
13 14
14 15
15 16
16 17
17 18
18 19
19 20
20 21
21 22
22 23
23 24
24 25
25 26
26 27
27 28
28 29
29 30
30 31
31 32
32 33
33 66
34 67
66 99
67 100
99 132
100 133
132 165
133 166
165 198
166 199
198 231
199 232
231 264
232 265
264 297
265 298
297 330
298 331
330 363
331 364
363 396
364 397
396 429
397 430
429 462
430 463
462 495
463 496
495 528
496 529
528 561
529 562
545 546
545 1090
546 547
547 548
548 549
549 550
550 551
551 552
552 553
553 554
554 555
555 556
556 557
557 558
558 559
559 560
560 561
562 595
594 627
594 1105
595 628
627 660
628 661
660 693
661 694
693 726
694 727
726 759
727 760
759 792
760 793
792 825
793 826
825 858
826 859
858 891
859 892
891 924
892 925
924 957
925 958
957 990
958 991
990 1023
991 1024
1023 1056
1024 1057
1056 1089
1057 1058
1058 1059
1059 1060
1060 1061
1061 1062
1062 1063
1063 1064
1064 1065
1065 1066
1066 1067
1067 1068
1068 1069
1069 1070
1070 1071
1071 1072
1072 1073
1073 1074
1074 1075
1075 1076
1076 1077
1077 1078
1078 1079
1079 1080
1080 1081
1081 1082
1082 1083
1083 1084
1084 1085
1085 1086
1086 1087
1087 1088
1088 1089
1090 1091
1091 1092
1092 1093
1093 1094
1094 1095
1095 1096
1096 1097
1097 1098
1098 1099
1099 1100
1100 1101
1101 1102
1102 1103
1103 1104
1104 1105
