1 2
1 34
1 35
2 3
2 35
2 36
3 4
3 36
3 37
4 5
4 37
4 38
5 6
5 38
5 39
6 7
6 39
6 40
7 8
7 40
7 41
8 9
8 41
8 42
9 10
9 42
9 43
10 11
10 43
10 44
11 12
11 44
11 45
12 13
12 45
12 46
13 14
13 46
13 47
14 15
14 47
14 48
15 16
15 48
15 49
16 17
16 49
16 50
17 18
17 50
17 51
18 19
18 51
18 52
19 20
19 52
19 53
20 21
20 53
20 54
21 22
21 54
21 55
22 23
22 55
22 56
23 24
23 56
23 57
24 25
24 57
24 58
25 26
25 58
25 59
26 27
26 59
26 60
27 28
27 60
27 61
28 29
28 61
28 62
29 30
29 62
29 63
30 31
30 63
30 64
31 32
31 64
31 65
32 33
32 65
32 66
33 66
34 35
34 67
34 68
35 36
35 68
35 69
36 37
36 69
36 70
37 38
37 70
37 71
38 39
38 71
38 72
39 40
39 72
39 73
40 41
40 73
40 74
41 42
41 74
41 75
42 43
42 75
42 76
43 44
43 76
43 77
44 45
44 77
44 78
45 46
45 78
45 79
46 47
46 79
46 80
47 48
47 80
47 81
48 49
48 81
48 82
49 50
49 82
49 83
50 51
50 83
50 84
51 52
51 84
51 85
52 53
52 85
52 86
53 54
53 86
53 87
54 55
54 87
54 88
55 56
55 88
55 89
56 57
56 89
56 90
57 58
57 90
57 91
58 59
58 91
58 92
59 60
59 92
59 93
60 61
60 93
60 94
61 62
61 94
61 95
62 63
62 95
62 96
63 64
63 96
63 97
64 65
64 97
64 98
65 66
65 98
65 99
66 99
67 68
67 100
67 101
68 69
68 101
68 102
69 70
69 102
69 103
70 71
70 103
70 104
71 72
71 104
71 105
72 73
72 105
72 106
73 74
73 106
73 107
74 75
74 107
74 108
75 76
75 108
75 109
76 77
76 109
76 110
77 78
77 110
77 111
78 79
78 111
78 112
79 80
79 112
79 113
80 81
80 113
80 114
81 82
81 114
81 115
82 83
82 115
82 116
83 84
83 116
83 117
84 85
84 117
84 118
85 86
85 118
85 119
86 87
86 119
86 120
87 88
87 120
87 121
88 89
88 121
88 122
89 90
89 122
89 123
90 91
90 123
90 124
91 92
91 124
91 125
92 93
92 125
92 126
93 94
93 126
93 127
94 95
94 127
94 128
95 96
95 128
95 129
96 97
96 129
96 130
97 98
97 130
97 131
98 99
98 131
98 132
99 132
100 101
100 133
100 134
101 102
101 134
101 135
102 103
102 135
102 136
103 104
103 136
103 137
104 105
104 137
104 138
105 106
105 138
105 139
106 107
106 139
106 140
107 108
107 140
107 141
108 109
108 141
108 142
109 110
109 142
109 143
110 111
110 143
110 144
111 112
111 144
111 145
112 113
112 145
112 146
113 114
113 146
113 147
114 115
114 147
114 148
115 116
115 148
115 149
116 117
116 149
116 150
117 118
117 150
117 151
118 119
118 151
118 152
119 120
119 152
119 153
120 121
120 153
120 154
121 122
121 154
121 155
122 123
122 155
122 156
123 124
123 156
123 157
124 125
124 157
124 158
125 126
125 158
125 159
126 127
126 159
126 160
127 128
127 160
127 161
128 129
128 161
128 162
129 130
129 162
129 163
130 131
130 163
130 164
131 132
131 164
131 165
132 165
133 134
133 166
133 167
134 135
134 167
134 168
135 136
135 168
135 169
136 137
136 169
136 170
137 138
137 170
137 171
138 139
138 171
138 172
139 140
139 172
139 173
140 141
140 173
140 174
141 142
141 174
141 175
142 143
142 175
142 176
143 144
143 176
143 177
144 145
144 177
144 178
145 146
145 178
145 179
146 147
146 179
146 180
147 148
147 180
147 181
148 149
148 181
148 182
149 150
149 182
149 183
150 151
150 183
150 184
151 152
151 184
151 185
152 153
152 185
152 186
153 154
153 186
153 187
154 155
154 187
154 188
155 156
155 188
155 189
156 157
156 189
156 190
157 158
157 190
157 191
158 159
158 191
158 192
159 160
159 192
159 193
160 161
160 193
160 194
161 162
161 194
161 195
162 163
162 195
162 196
163 164
163 196
163 197
164 165
164 197
164 198
165 198
166 167
166 199
166 200
167 168
167 200
167 201
168 169
168 201
168 202
169 170
169 202
169 203
170 171
170 203
170 204
171 172
171 204
171 205
172 173
172 205
172 206
173 174
173 206
173 207
174 175
174 207
174 208
175 176
175 208
175 209
176 177
176 209
176 210
177 178
177 210
177 211
178 179
178 211
178 212
179 180
179 212
179 213
180 181
180 213
180 214
181 182
181 214
181 215
182 183
182 215
182 216
183 184
183 216
183 217
184 185
184 217
184 218
185 186
185 218
185 219
186 187
186 219
186 220
187 188
187 220
187 221
188 189
188 221
188 222
189 190
189 222
189 223
190 191
190 223
190 224
191 192
191 224
191 225
192 193
192 225
192 226
193 194
193 226
193 227
194 195
194 227
194 228
195 196
195 228
195 229
196 197
196 229
196 230
197 198
197 230
197 231
198 231
199 200
199 232
199 233
200 201
200 233
200 234
201 202
201 234
201 235
202 203
202 235
202 236
203 204
203 236
203 237
204 205
204 237
204 238
205 206
205 238
205 239
206 207
206 239
206 240
207 208
207 240
207 241
208 209
208 241
208 242
209 210
209 242
209 243
210 211
210 243
210 244
211 212
211 244
211 245
212 213
212 245
212 246
213 214
213 246
213 247
214 215
214 247
214 248
215 216
215 248
215 249
216 217
216 249
216 250
217 218
217 250
217 251
218 219
218 251
218 252
219 220
219 252
219 253
220 221
220 253
220 254
221 222
221 254
221 255
222 223
222 255
222 256
223 224
223 256
223 257
224 225
224 257
224 258
225 226
225 258
225 259
226 227
226 259
226 260
227 228
227 260
227 261
228 229
228 261
228 262
229 230
229 262
229 263
230 231
230 263
230 264
231 264
232 233
232 265
232 266
233 234
233 266
233 267
234 235
234 267
234 268
235 236
235 268
235 269
236 237
236 269
236 270
237 238
237 270
237 271
238 239
238 271
238 272
239 240
239 272
239 273
240 241
240 273
240 274
241 242
241 274
241 275
242 243
242 275
242 276
243 244
243 276
243 277
244 245
244 277
244 278
245 246
245 278
245 279
246 247
246 279
246 280
247 248
247 280
247 281
248 249
248 281
248 282
249 250
249 282
249 283
250 251
250 283
250 284
251 252
251 284
251 285
252 253
252 285
252 286
253 254
253 286
253 287
254 255
254 287
254 288
255 256
255 288
255 289
256 257
256 289
256 290
257 258
257 290
257 291
258 259
258 291
258 292
259 260
259 292
259 293
260 261
260 293
260 294
261 262
261 294
261 295
262 263
262 295
262 296
263 264
263 296
263 297
264 297
265 266
265 298
265 299
266 267
266 299
266 300
267 268
267 300
267 301
268 269
268 301
268 302
269 270
269 302
269 303
270 271
270 303
270 304
271 272
271 304
271 305
272 273
272 305
272 306
273 274
273 306
273 307
274 275
274 307
274 308
275 276
275 308
275 309
276 277
276 309
276 310
277 278
277 310
277 311
278 279
278 311
278 312
279 280
279 312
279 313
280 281
280 313
280 314
281 282
281 314
281 315
282 283
282 315
282 316
283 284
283 316
283 317
284 285
284 317
284 318
285 286
285 318
285 319
286 287
286 319
286 320
287 288
287 320
287 321
288 289
288 321
288 322
289 290
289 322
289 323
290 291
290 323
290 324
291 292
291 324
291 325
292 293
292 325
292 326
293 294
293 326
293 327
294 295
294 327
294 328
295 296
295 328
295 329
296 297
296 329
296 330
297 330
298 299
298 331
298 332
299 300
299 332
299 333
300 301
300 333
300 334
301 302
301 334
301 335
302 303
302 335
302 336
303 304
303 336
303 337
304 305
304 337
304 338
305 306
305 338
305 339
306 307
306 339
306 340
307 308
307 340
307 341
308 309
308 341
308 342
309 310
309 342
309 343
310 311
310 343
310 344
311 312
311 344
311 345
312 313
312 345
312 346
313 314
313 346
313 347
314 315
314 347
314 348
315 316
315 348
315 349
316 317
316 349
316 350
317 318
317 350
317 351
318 319
318 351
318 352
319 320
319 352
319 353
320 321
320 353
320 354
321 322
321 354
321 355
322 323
322 355
322 356
323 324
323 356
323 357
324 325
324 357
324 358
325 326
325 358
325 359
326 327
326 359
326 360
327 328
327 360
327 361
328 329
328 361
328 362
329 330
329 362
329 363
330 363
331 332
331 364
331 365
332 333
332 365
332 366
333 334
333 366
333 367
334 335
334 367
334 368
335 336
335 368
335 369
336 337
336 369
336 370
337 338
337 370
337 371
338 339
338 371
338 372
339 340
339 372
339 373
340 341
340 373
340 374
341 342
341 374
341 375
342 343
342 375
342 376
343 344
343 376
343 377
344 345
344 377
344 378
345 346
345 378
345 379
346 347
346 379
346 380
347 348
347 380
347 381
348 349
348 381
348 382
349 350
349 382
349 383
350 351
350 383
350 384
351 352
351 384
351 385
352 353
352 385
352 386
353 354
353 386
353 387
354 355
354 387
354 388
355 356
355 388
355 389
356 357
356 389
356 390
357 358
357 390
357 391
358 359
358 391
358 392
359 360
359 392
359 393
360 361
360 393
360 394
361 362
361 394
361 395
362 363
362 395
362 396
363 396
364 365
364 397
364 398
365 366
365 398
365 399
366 367
366 399
366 400
367 368
367 400
367 401
368 369
368 401
368 402
369 370
369 402
369 403
370 371
370 403
370 404
371 372
371 404
371 405
372 373
372 405
372 406
373 374
373 406
373 407
374 375
374 407
374 408
375 376
375 408
375 409
376 377
376 409
376 410
377 378
377 410
377 411
378 379
378 411
378 412
379 380
379 412
379 413
380 381
380 413
380 414
381 382
381 414
381 415
382 383
382 415
382 416
383 384
383 416
383 417
384 385
384 417
384 418
385 386
385 418
385 419
386 387
386 419
386 420
387 388
387 420
387 421
388 389
388 421
388 422
389 390
389 422
389 423
390 391
390 423
390 424
391 392
391 424
391 425
392 393
392 425
392 426
393 394
393 426
393 427
394 395
394 427
394 428
395 396
395 428
395 429
396 429
397 398
397 430
397 431
398 399
398 431
398 432
399 400
399 432
399 433
400 401
400 433
400 434
401 402
401 434
401 435
402 403
402 435
402 436
403 404
403 436
403 437
404 405
404 437
404 438
405 406
405 438
405 439
406 407
406 439
406 440
407 408
407 440
407 441
408 409
408 441
408 442
409 410
409 442
409 443
410 411
410 443
410 444
411 412
411 444
411 445
412 413
412 445
412 446
413 414
413 446
413 447
414 415
414 447
414 448
415 416
415 448
415 449
416 417
416 449
416 450
417 418
417 450
417 451
418 419
418 451
418 452
419 420
419 452
419 453
420 421
420 453
420 454
421 422
421 454
421 455
422 423
422 455
422 456
423 424
423 456
423 457
424 425
424 457
424 458
425 426
425 458
425 459
426 427
426 459
426 460
427 428
427 460
427 461
428 429
428 461
428 462
429 462
430 431
430 463
430 464
431 432
431 464
431 465
432 433
432 465
432 466
433 434
433 466
433 467
434 435
434 467
434 468
435 436
435 468
435 469
436 437
436 469
436 470
437 438
437 470
437 471
438 439
438 471
438 472
439 440
439 472
439 473
440 441
440 473
440 474
441 442
441 474
441 475
442 443
442 475
442 476
443 444
443 476
443 477
444 445
444 477
444 478
445 446
445 478
445 479
446 447
446 479
446 480
447 448
447 480
447 481
448 449
448 481
448 482
449 450
449 482
449 483
450 451
450 483
450 484
451 452
451 484
451 485
452 453
452 485
452 486
453 454
453 486
453 487
454 455
454 487
454 488
455 456
455 488
455 489
456 457
456 489
456 490
457 458
457 490
457 491
458 459
458 491
458 492
459 460
459 492
459 493
460 461
460 493
460 494
461 462
461 494
461 495
462 495
463 464
463 496
463 497
464 465
464 497
464 498
465 466
465 498
465 499
466 467
466 499
466 500
467 468
467 500
467 501
468 469
468 501
468 502
469 470
469 502
469 503
470 471
470 503
470 504
471 472
471 504
471 505
472 473
472 505
472 506
473 474
473 506
473 507
474 475
474 507
474 508
475 476
475 508
475 509
476 477
476 509
476 510
477 478
477 510
477 511
478 479
478 511
478 512
479 480
479 512
479 513
480 481
480 513
480 514
481 482
481 514
481 515
482 483
482 515
482 516
483 484
483 516
483 517
484 485
484 517
484 518
485 486
485 518
485 519
486 487
486 519
486 520
487 488
487 520
487 521
488 489
488 521
488 522
489 490
489 522
489 523
490 491
490 523
490 524
491 492
491 524
491 525
492 493
492 525
492 526
493 494
493 526
493 527
494 495
494 527
494 528
495 528
496 497
496 529
496 530
497 498
497 530
497 531
498 499
498 531
498 532
499 500
499 532
499 533
500 501
500 533
500 534
501 502
501 534
501 535
502 503
502 535
502 536
503 504
503 536
503 537
504 505
504 537
504 538
505 506
505 538
505 539
506 507
506 539
506 540
507 508
507 540
507 541
508 509
508 541
508 542
509 510
509 542
509 543
510 511
510 543
510 544
511 512
511 544
511 545
512 513
512 545
512 546
513 514
513 546
513 547
514 515
514 547
514 548
515 516
515 548
515 549
516 517
516 549
516 550
517 518
517 550
517 551
518 519
518 551
518 552
519 520
519 552
519 553
520 521
520 553
520 554
521 522
521 554
521 555
522 523
522 555
522 556
523 524
523 556
523 557
524 525
524 557
524 558
525 526
525 558
525 559
526 527
526 559
526 560
527 528
527 560
527 561
528 561
529 530
529 562
529 563
530 531
530 563
530 564
531 532
531 564
531 565
532 533
532 565
532 566
533 534
533 566
533 567
534 535
534 567
534 568
535 536
535 568
535 569
536 537
536 569
536 570
537 538
537 570
537 571
538 539
538 571
538 572
539 540
539 572
539 573
540 541
540 573
540 574
541 542
541 574
541 575
542 543
542 575
542 576
543 544
543 576
543 577
544 545
544 577
544 578
545 546
545 578
545 579
545 1090
546 547
547 548
548 549
549 550
550 551
551 552
552 553
553 554
554 555
555 556
556 557
557 558
558 559
559 560
560 561
562 563
562 595
562 596
563 564
563 596
563 597
564 565
564 597
564 598
565 566
565 598
565 599
566 567
566 599
566 600
567 568
567 600
567 601
568 569
568 601
568 602
569 570
569 602
569 603
570 571
570 603
570 604
571 572
571 604
571 605
572 573
572 605
572 606
573 574
573 606
573 607
574 575
574 607
574 608
575 576
575 608
575 609
576 577
576 609
576 610
577 578
577 610
577 611
578 579
578 611
578 612
579 580
579 612
579 613
579 1090
580 581
580 613
580 614
580 1090
580 1091
581 582
581 614
581 615
581 1091
581 1092
582 583
582 615
582 616
582 1092
582 1093
583 584
583 616
583 617
583 1093
583 1094
584 585
584 617
584 618
584 1094
584 1095
585 586
585 618
585 619
585 1095
585 1096
586 587
586 619
586 620
586 1096
586 1097
587 588
587 620
587 621
587 1097
587 1098
588 589
588 621
588 622
588 1098
588 1099
589 590
589 622
589 623
589 1099
589 1100
590 591
590 623
590 624
590 1100
590 1101
591 592
591 624
591 625
591 1101
591 1102
592 593
592 625
592 626
592 1102
592 1103
593 594
593 626
593 627
593 1103
593 1104
594 627
594 1104
594 1105
595 596
595 628
595 629
596 597
596 629
596 630
597 598
597 630
597 631
598 599
598 631
598 632
599 600
599 632
599 633
600 601
600 633
600 634
601 602
601 634
601 635
602 603
602 635
602 636
603 604
603 636
603 637
604 605
604 637
604 638
605 606
605 638
605 639
606 607
606 639
606 640
607 608
607 640
607 641
608 609
608 641
608 642
609 610
609 642
609 643
610 611
610 643
610 644
611 612
611 644
611 645
612 613
612 645
612 646
613 614
613 646
613 647
614 615
614 647
614 648
615 616
615 648
615 649
616 617
616 649
616 650
617 618
617 650
617 651
618 619
618 651
618 652
619 620
619 652
619 653
620 621
620 653
620 654
621 622
621 654
621 655
622 623
622 655
622 656
623 624
623 656
623 657
624 625
624 657
624 658
625 626
625 658
625 659
626 627
626 659
626 660
627 660
628 629
628 661
628 662
629 630
629 662
629 663
630 631
630 663
630 664
631 632
631 664
631 665
632 633
632 665
632 666
633 634
633 666
633 667
634 635
634 667
634 668
635 636
635 668
635 669
636 637
636 669
636 670
637 638
637 670
637 671
638 639
638 671
638 672
639 640
639 672
639 673
640 641
640 673
640 674
641 642
641 674
641 675
642 643
642 675
642 676
643 644
643 676
643 677
644 645
644 677
644 678
645 646
645 678
645 679
646 647
646 679
646 680
647 648
647 680
647 681
648 649
648 681
648 682
649 650
649 682
649 683
650 651
650 683
650 684
651 652
651 684
651 685
652 653
652 685
652 686
653 654
653 686
653 687
654 655
654 687
654 688
655 656
655 688
655 689
656 657
656 689
656 690
657 658
657 690
657 691
658 659
658 691
658 692
659 660
659 692
659 693
660 693
661 662
661 694
661 695
662 663
662 695
662 696
663 664
663 696
663 697
664 665
664 697
664 698
665 666
665 698
665 699
666 667
666 699
666 700
667 668
667 700
667 701
668 669
668 701
668 702
669 670
669 702
669 703
670 671
670 703
670 704
671 672
671 704
671 705
672 673
672 705
672 706
673 674
673 706
673 707
674 675
674 707
674 708
675 676
675 708
675 709
676 677
676 709
676 710
677 678
677 710
677 711
678 679
678 711
678 712
679 680
679 712
679 713
680 681
680 713
680 714
681 682
681 714
681 715
682 683
682 715
682 716
683 684
683 716
683 717
684 685
684 717
684 718
685 686
685 718
685 719
686 687
686 719
686 720
687 688
687 720
687 721
688 689
688 721
688 722
689 690
689 722
689 723
690 691
690 723
690 724
691 692
691 724
691 725
692 693
692 725
692 726
693 726
694 695
694 727
694 728
695 696
695 728
695 729
696 697
696 729
696 730
697 698
697 730
697 731
698 699
698 731
698 732
699 700
699 732
699 733
700 701
700 733
700 734
701 702
701 734
701 735
702 703
702 735
702 736
703 704
703 736
703 737
704 705
704 737
704 738
705 706
705 738
705 739
706 707
706 739
706 740
707 708
707 740
707 741
708 709
708 741
708 742
709 710
709 742
709 743
710 711
710 743
710 744
711 712
711 744
711 745
712 713
712 745
712 746
713 714
713 746
713 747
714 715
714 747
714 748
715 716
715 748
715 749
716 717
716 749
716 750
717 718
717 750
717 751
718 719
718 751
718 752
719 720
719 752
719 753
720 721
720 753
720 754
721 722
721 754
721 755
722 723
722 755
722 756
723 724
723 756
723 757
724 725
724 757
724 758
725 726
725 758
725 759
726 759
727 728
727 760
727 761
728 729
728 761
728 762
729 730
729 762
729 763
730 731
730 763
730 764
731 732
731 764
731 765
732 733
732 765
732 766
733 734
733 766
733 767
734 735
734 767
734 768
735 736
735 768
735 769
736 737
736 769
736 770
737 738
737 770
737 771
738 739
738 771
738 772
739 740
739 772
739 773
740 741
740 773
740 774
741 742
741 774
741 775
742 743
742 775
742 776
743 744
743 776
743 777
744 745
744 777
744 778
745 746
745 778
745 779
746 747
746 779
746 780
747 748
747 780
747 781
748 749
748 781
748 782
749 750
749 782
749 783
750 751
750 783
750 784
751 752
751 784
751 785
752 753
752 785
752 786
753 754
753 786
753 787
754 755
754 787
754 788
755 756
755 788
755 789
756 757
756 789
756 790
757 758
757 790
757 791
758 759
758 791
758 792
759 792
760 761
760 793
760 794
761 762
761 794
761 795
762 763
762 795
762 796
763 764
763 796
763 797
764 765
764 797
764 798
765 766
765 798
765 799
766 767
766 799
766 800
767 768
767 800
767 801
768 769
768 801
768 802
769 770
769 802
769 803
770 771
770 803
770 804
771 772
771 804
771 805
772 773
772 805
772 806
773 774
773 806
773 807
774 775
774 807
774 808
775 776
775 808
775 809
776 777
776 809
776 810
777 778
777 810
777 811
778 779
778 811
778 812
779 780
779 812
779 813
780 781
780 813
780 814
781 782
781 814
781 815
782 783
782 815
782 816
783 784
783 816
783 817
784 785
784 817
784 818
785 786
785 818
785 819
786 787
786 819
786 820
787 788
787 820
787 821
788 789
788 821
788 822
789 790
789 822
789 823
790 791
790 823
790 824
791 792
791 824
791 825
792 825
793 794
793 826
793 827
794 795
794 827
794 828
795 796
795 828
795 829
796 797
796 829
796 830
797 798
797 830
797 831
798 799
798 831
798 832
799 800
799 832
799 833
800 801
800 833
800 834
801 802
801 834
801 835
802 803
802 835
802 836
803 804
803 836
803 837
804 805
804 837
804 838
805 806
805 838
805 839
806 807
806 839
806 840
807 808
807 840
807 841
808 809
808 841
808 842
809 810
809 842
809 843
810 811
810 843
810 844
811 812
811 844
811 845
812 813
812 845
812 846
813 814
813 846
813 847
814 815
814 847
814 848
815 816
815 848
815 849
816 817
816 849
816 850
817 818
817 850
817 851
818 819
818 851
818 852
819 820
819 852
819 853
820 821
820 853
820 854
821 822
821 854
821 855
822 823
822 855
822 856
823 824
823 856
823 857
824 825
824 857
824 858
825 858
826 827
826 859
826 860
827 828
827 860
827 861
828 829
828 861
828 862
829 830
829 862
829 863
830 831
830 863
830 864
831 832
831 864
831 865
832 833
832 865
832 866
833 834
833 866
833 867
834 835
834 867
834 868
835 836
835 868
835 869
836 837
836 869
836 870
837 838
837 870
837 871
838 839
838 871
838 872
839 840
839 872
839 873
840 841
840 873
840 874
841 842
841 874
841 875
842 843
842 875
842 876
843 844
843 876
843 877
844 845
844 877
844 878
845 846
845 878
845 879
846 847
846 879
846 880
847 848
847 880
847 881
848 849
848 881
848 882
849 850
849 882
849 883
850 851
850 883
850 884
851 852
851 884
851 885
852 853
852 885
852 886
853 854
853 886
853 887
854 855
854 887
854 888
855 856
855 888
855 889
856 857
856 889
856 890
857 858
857 890
857 891
858 891
859 860
859 892
859 893
860 861
860 893
860 894
861 862
861 894
861 895
862 863
862 895
862 896
863 864
863 896
863 897
864 865
864 897
864 898
865 866
865 898
865 899
866 867
866 899
866 900
867 868
867 900
867 901
868 869
868 901
868 902
869 870
869 902
869 903
870 871
870 903
870 904
871 872
871 904
871 905
872 873
872 905
872 906
873 874
873 906
873 907
874 875
874 907
874 908
875 876
875 908
875 909
876 877
876 909
876 910
877 878
877 910
877 911
878 879
878 911
878 912
879 880
879 912
879 913
880 881
880 913
880 914
881 882
881 914
881 915
882 883
882 915
882 916
883 884
883 916
883 917
884 885
884 917
884 918
885 886
885 918
885 919
886 887
886 919
886 920
887 888
887 920
887 921
888 889
888 921
888 922
889 890
889 922
889 923
890 891
890 923
890 924
891 924
892 893
892 925
892 926
893 894
893 926
893 927
894 895
894 927
894 928
895 896
895 928
895 929
896 897
896 929
896 930
897 898
897 930
897 931
898 899
898 931
898 932
899 900
899 932
899 933
900 901
900 933
900 934
901 902
901 934
901 935
902 903
902 935
902 936
903 904
903 936
903 937
904 905
904 937
904 938
905 906
905 938
905 939
906 907
906 939
906 940
907 908
907 940
907 941
908 909
908 941
908 942
909 910
909 942
909 943
910 911
910 943
910 944
911 912
911 944
911 945
912 913
912 945
912 946
913 914
913 946
913 947
914 915
914 947
914 948
915 916
915 948
915 949
916 917
916 949
916 950
917 918
917 950
917 951
918 919
918 951
918 952
919 920
919 952
919 953
920 921
920 953
920 954
921 922
921 954
921 955
922 923
922 955
922 956
923 924
923 956
923 957
924 957
925 926
925 958
925 959
926 927
926 959
926 960
927 928
927 960
927 961
928 929
928 961
928 962
929 930
929 962
929 963
930 931
930 963
930 964
931 932
931 964
931 965
932 933
932 965
932 966
933 934
933 966
933 967
934 935
934 967
934 968
935 936
935 968
935 969
936 937
936 969
936 970
937 938
937 970
937 971
938 939
938 971
938 972
939 940
939 972
939 973
940 941
940 973
940 974
941 942
941 974
941 975
942 943
942 975
942 976
943 944
943 976
943 977
944 945
944 977
944 978
945 946
945 978
945 979
946 947
946 979
946 980
947 948
947 980
947 981
948 949
948 981
948 982
949 950
949 982
949 983
950 951
950 983
950 984
951 952
951 984
951 985
952 953
952 985
952 986
953 954
953 986
953 987
954 955
954 987
954 988
955 956
955 988
955 989
956 957
956 989
956 990
957 990
958 959
958 991
958 992
959 960
959 992
959 993
960 961
960 993
960 994
961 962
961 994
961 995
962 963
962 995
962 996
963 964
963 996
963 997
964 965
964 997
964 998
965 966
965 998
965 999
966 967
966 999
966 1000
967 968
967 1000
967 1001
968 969
968 1001
968 1002
969 970
969 1002
969 1003
970 971
970 1003
970 1004
971 972
971 1004
971 1005
972 973
972 1005
972 1006
973 974
973 1006
973 1007
974 975
974 1007
974 1008
975 976
975 1008
975 1009
976 977
976 1009
976 1010
977 978
977 1010
977 1011
978 979
978 1011
978 1012
979 980
979 1012
979 1013
980 981
980 1013
980 1014
981 982
981 1014
981 1015
982 983
982 1015
982 1016
983 984
983 1016
983 1017
984 985
984 1017
984 1018
985 986
985 1018
985 1019
986 987
986 1019
986 1020
987 988
987 1020
987 1021
988 989
988 1021
988 1022
989 990
989 1022
989 1023
990 1023
991 992
991 1024
991 1025
992 993
992 1025
992 1026
993 994
993 1026
993 1027
994 995
994 1027
994 1028
995 996
995 1028
995 1029
996 997
996 1029
996 1030
997 998
997 1030
997 1031
998 999
998 1031
998 1032
999 1000
999 1032
999 1033
1000 1001
1000 1033
1000 1034
1001 1002
1001 1034
1001 1035
1002 1003
1002 1035
1002 1036
1003 1004
1003 1036
1003 1037
1004 1005
1004 1037
1004 1038
1005 1006
1005 1038
1005 1039
1006 1007
1006 1039
1006 1040
1007 1008
1007 1040
1007 1041
1008 1009
1008 1041
1008 1042
1009 1010
1009 1042
1009 1043
1010 1011
1010 1043
1010 1044
1011 1012
1011 1044
1011 1045
1012 1013
1012 1045
1012 1046
1013 1014
1013 1046
1013 1047
1014 1015
1014 1047
1014 1048
1015 1016
1015 1048
1015 1049
1016 1017
1016 1049
1016 1050
1017 1018
1017 1050
1017 1051
1018 1019
1018 1051
1018 1052
1019 1020
1019 1052
1019 1053
1020 1021
1020 1053
1020 1054
1021 1022
1021 1054
1021 1055
1022 1023
1022 1055
1022 1056
1023 1056
1024 1025
1024 1057
1024 1058
1025 1026
1025 1058
1025 1059
1026 1027
1026 1059
1026 1060
1027 1028
1027 1060
1027 1061
1028 1029
1028 1061
1028 1062
1029 1030
1029 1062
1029 1063
1030 1031
1030 1063
1030 1064
1031 1032
1031 1064
1031 1065
1032 1033
1032 1065
1032 1066
1033 1034
1033 1066
1033 1067
1034 1035
1034 1067
1034 1068
1035 1036
1035 1068
1035 1069
1036 1037
1036 1069
1036 1070
1037 1038
1037 1070
1037 1071
1038 1039
1038 1071
1038 1072
1039 1040
1039 1072
1039 1073
1040 1041
1040 1073
1040 1074
1041 1042
1041 1074
1041 1075
1042 1043
1042 1075
1042 1076
1043 1044
1043 1076
1043 1077
1044 1045
1044 1077
1044 1078
1045 1046
1045 1078
1045 1079
1046 1047
1046 1079
1046 1080
1047 1048
1047 1080
1047 1081
1048 1049
1048 1081
1048 1082
1049 1050
1049 1082
1049 1083
1050 1051
1050 1083
1050 1084
1051 1052
1051 1084
1051 1085
1052 1053
1052 1085
1052 1086
1053 1054
1053 1086
1053 1087
1054 1055
1054 1087
1054 1088
1055 1056
1055 1088
1055 1089
1056 1089
1057 1058
1058 1059
1059 1060
1060 1061
1061 1062
1062 1063
1063 1064
1064 1065
1065 1066
1066 1067
1067 1068
1068 1069
1069 1070
1070 1071
1071 1072
1072 1073
1073 1074
1074 1075
1075 1076
1076 1077
1077 1078
1078 1079
1079 1080
1080 1081
1081 1082
1082 1083
1083 1084
1084 1085
1085 1086
1086 1087
1087 1088
1088 1089
1090 1091
1091 1092
1092 1093
1093 1094
1094 1095
1095 1096
1096 1097
1097 1098
1098 1099
1099 1100
1100 1101
1101 1102
1102 1103
1103 1104
1104 1105
