1 2
1 34
2 3
3 4
4 5
5 6
6 7
7 8
8 9
9 10
10 11
11 12
12 13
13 14
14 15
15 16
16 17
17 18
18 19
19 20
20 21
21 22
22 23
23 24
24 25
25 26
26 27
27 28
28 29
29 30
30 31
31 32
32 33
33 66
34 67
66 99
67 100
99 132
100 133
132 165
133 166
165 198
166 199
198 231
199 232
231 264
232 265
264 297
265 298
297 330
298 331
330 363
331 364
363 396
364 397
396 429
397 430
429 462
430 463
462 495
463 496
495 528
496 529
528 561
529 562
561 594
562 595
594 627
595 628
627 660
628 661
660 693
661 694
693 726
694 727
726 759
727 760
759 792
760 793
792 825
793 826
825 858
826 859
858 891
859 892
891 924
892 925
924 957
925 958
957 990
958 991
990 1023
991 1024
1023 1056
1024 1057
1056 1089
1057 1122
1089 1090
1090 1091
1091 1092
1092 1093
1093 1094
1094 1095
1095 1096
1096 1097
1097 1098
1098 1099
1099 1100
1100 1101
1101 1102
1102 1103
1103 1104
1104 1105
1105 1106
1106 1107
1107 1108
1108 1109
1109 1110
1110 1111
1111 1112
1112 1113
1113 1114
1114 1115
1115 1116
1116 1117
1117 1118
1118 1119
1119 1120
1120 1121
1121 1186
1122 1187
1186 1251
1187 1252
1251 1316
1252 1317
1316 1381
1317 1382
1381 1446
1382 1447
1446 1511
1447 1512
1511 1576
1512 1577
1576 1641
1577 1642
1641 1706
1642 1707
1706 1771
1707 1772
1771 1836
1772 1837
1836 1901
1837 1902
1901 1966
1902 1967
1966 2031
1967 2032
2031 2096
2032 2097
2096 2161
2097 2162
2161 2226
2162 2227
2226 2291
2227 2292
2291 2356
2292 2357
2356 2421
2357 2422
2421 2486
2422 2487
2486 2551
2487 2552
2551 2616
2552 2617
2616 2681
2617 2682
2681 2746
2682 2747
2746 2811
2747 2812
2811 2876
2812 2877
2876 2941
2877 2942
2941 3006
2942 3007
3006 3071
3007 3072
3071 3136
3072 3137
3136 3201
3137 3138
3138 3139
3139 3140
3140 3141
3141 3142
3142 3143
3143 3144
3144 3145
3145 3146
3146 3147
3147 3148
3148 3149
3149 3150
3150 3151
3151 3152
3152 3153
3153 3154
3154 3155
3155 3156
3156 3157
3157 3158
3158 3159
3159 3160
3160 3161
3161 3162
3162 3163
3163 3164
3164 3165
3165 3166
3166 3167
3167 3168
3168 3169
3169 3170
3170 3171
3171 3172
3172 3173
3173 3174
3174 3175
3175 3176
3176 3177
3177 3178
3178 3179
3179 3180
3180 3181
3181 3182
3182 3183
3183 3184
3184 3185
3185 3186
3186 3187
3187 3188
3188 3189
3189 3190
3190 3191
3191 3192
3192 3193
3193 3194
3194 3195
3195 3196
3196 3197
3197 3198
3198 3199
3199 3200
3200 3201
