name = lshape_p1_n8
mesh = lshape_8
lagrange_order = 1
source = VFEM.lagrange_laplace_matrices(m, 1)  [MONOMIAL Lagrange basis]
dof_convention = interior-restricted: A0 = A[int_dofs, int_dofs], M0 = M[int_dofs, int_dofs]; both SPD; solve A0 x = lambda M0 x
ndof_full = 225
n_bd = 64
n_int = 161
nnz_A_lower = 453
nnz_M_lower = 586
hmax = 1.7677669529663689e-01
mesh_nv = 225  mesh_nt = 384  mesh_ne = 608  mesh_nb = 64
# float reference eigenvalues of (A0, M0) from laplace_eig_lagrange:
lambda_1 = 9.9165490320006562e+00
lambda_2 = 1.5633283594973513e+01
lambda_3 = 2.0502315785506276e+01
lambda_4 = 3.1190391873911793e+01
lambda_5 = 3.3752894618005342e+01
lambda_6 = 4.4408601266322208e+01
# int_dofs (1-based indices into the full ndof ordering):
11 12 13 14 15 16 17 20 21 22 23 24 25 26 29 30 31 32 33 34 35 38 39 40 41 42 43 44 47 48 49 50 51 52 53 56 57 58 59 60 61 62 65 66 67 68 69 70 71 74 75 76 77 78 79 80 91 92 93 94 95 96 97 98 99 100 101 102 103 104 105 108 109 110 111 112 113 114 115 116 117 118 119 120 121 122 125 126 127 128 129 130 131 132 133 134 135 136 137 138 139 142 143 144 145 146 147 148 149 150 151 152 153 154 155 156 159 160 161 162 163 164 165 166 167 168 169 170 171 172 173 176 177 178 179 180 181 182 183 184 185 186 187 188 189 190 193 194 195 196 197 198 199 200 201 202 203 204 205 206 207
# bd_dofs (removed):
1 2 3 4 5 6 7 8 9 10 18 19 27 28 36 37 45 46 54 55 63 64 72 73 81 82 83 84 85 86 87 88 89 90 106 107 123 124 140 141 157 158 174 175 191 192 208 209 210 211 212 213 214 215 216 217 218 219 220 221 222 223 224 225
