name = square_p2_n8
mesh = unit_square_8
lagrange_order = 2
source = VFEM.lagrange_laplace_matrices(m, 2)  [MONOMIAL Lagrange basis]
dof_convention = interior-restricted: A0 = A[int_dofs, int_dofs], M0 = M[int_dofs, int_dofs]; both SPD; solve A0 x = lambda M0 x
ndof_full = 289
n_bd = 64
n_int = 225
nnz_A_lower = 1093
nnz_M_lower = 1227
hmax = 1.7677669529663689e-01
mesh_nv = 81  mesh_nt = 128  mesh_ne = 208  mesh_nb = 32
# float reference eigenvalues of (A0, M0) from laplace_eig_lagrange:
lambda_1 = 1.9743645683048864e+01
lambda_2 = 4.9387952569912592e+01
lambda_3 = 4.9421595111537926e+01
lambda_4 = 7.9218517974231204e+01
lambda_5 = 9.9068945045438610e+01
lambda_6 = 9.9070484141194839e+01
# int_dofs (1-based indices into the full ndof ordering):
11 12 13 14 15 16 17 20 21 22 23 24 25 26 29 30 31 32 33 34 35 38 39 40 41 42 43 44 47 48 49 50 51 52 53 56 57 58 59 60 61 62 65 66 67 68 69 70 71 84 86 87 89 90 92 93 95 96 98 99 101 102 104 105 107 109 110 111 112 113 114 115 116 117 118 119 120 121 122 123 124 125 126 127 128 129 130 132 134 135 136 137 138 139 140 141 142 143 144 145 146 147 148 149 150 151 152 153 154 155 157 159 160 161 162 163 164 165 166 167 168 169 170 171 172 173 174 175 176 177 178 179 180 182 184 185 186 187 188 189 190 191 192 193 194 195 196 197 198 199 200 201 202 203 204 205 207 209 210 211 212 213 214 215 216 217 218 219 220 221 222 223 224 225 226 227 228 229 230 232 234 235 236 237 238 239 240 241 242 243 244 245 246 247 248 249 250 251 252 253 254 255 257 259 260 261 262 263 264 265 266 267 268 269 270 271 272 273 274 275 276 277 278 279 280
# bd_dofs (removed):
1 2 3 4 5 6 7 8 9 10 18 19 27 28 36 37 45 46 54 55 63 64 72 73 74 75 76 77 78 79 80 81 82 83 85 88 91 94 97 100 103 106 108 131 133 156 158 181 183 206 208 231 233 256 258 281 282 283 284 285 286 287 288 289
