name = square_p1_n16
mesh = unit_square_16
lagrange_order = 1
source = VFEM.lagrange_laplace_matrices(m, 1)  [MONOMIAL Lagrange basis]
dof_convention = interior-restricted: A0 = A[int_dofs, int_dofs], M0 = M[int_dofs, int_dofs]; both SPD; solve A0 x = lambda M0 x
ndof_full = 289
n_bd = 64
n_int = 225
nnz_A_lower = 645
nnz_M_lower = 841
hmax = 8.8388347648318447e-02
mesh_nv = 289  mesh_nt = 512  mesh_ne = 800  mesh_nb = 64
# float reference eigenvalues of (A0, M0) from laplace_eig_lagrange:
lambda_1 = 1.9929789842217314e+01
lambda_2 = 5.0166386555386595e+01
lambda_3 = 5.0632876191650759e+01
lambda_4 = 8.1971342990478348e+01
lambda_5 = 1.0246038960370794e+02
lambda_6 = 1.0254522965747742e+02
# int_dofs (1-based indices into the full ndof ordering):
19 20 21 22 23 24 25 26 27 28 29 30 31 32 33 36 37 38 39 40 41 42 43 44 45 46 47 48 49 50 53 54 55 56 57 58 59 60 61 62 63 64 65 66 67 70 71 72 73 74 75 76 77 78 79 80 81 82 83 84 87 88 89 90 91 92 93 94 95 96 97 98 99 100 101 104 105 106 107 108 109 110 111 112 113 114 115 116 117 118 121 122 123 124 125 126 127 128 129 130 131 132 133 134 135 138 139 140 141 142 143 144 145 146 147 148 149 150 151 152 155 156 157 158 159 160 161 162 163 164 165 166 167 168 169 172 173 174 175 176 177 178 179 180 181 182 183 184 185 186 189 190 191 192 193 194 195 196 197 198 199 200 201 202 203 206 207 208 209 210 211 212 213 214 215 216 217 218 219 220 223 224 225 226 227 228 229 230 231 232 233 234 235 236 237 240 241 242 243 244 245 246 247 248 249 250 251 252 253 254 257 258 259 260 261 262 263 264 265 266 267 268 269 270 271
# bd_dofs (removed):
1 2 3 4 5 6 7 8 9 10 11 12 13 14 15 16 17 18 34 35 51 52 68 69 85 86 102 103 119 120 136 137 153 154 170 171 187 188 204 205 221 222 238 239 255 256 272 273 274 275 276 277 278 279 280 281 282 283 284 285 286 287 288 289
